41 128
CHE 0.1725538 -0.10978152 0.12222291 -0.018255517 0.19044656 -0.31381166 0.14070776 0.1785347 0.027431607 -0.008898876 0.12810467 -0.12395748 -0.15697022 -0.022329785 0.15013243 -0.004983674 0.17926525 0.16270645 -0.0535639 0.02508386 0.3370235 0.23869422 0.09615154 -0.0041146185 0.037360717 -0.026322355 -0.13903359 0.049630277 0.17867935 0.07559283 -0.23584643 0.12110605 0.08658028 0.25047195 -0.22260411 0.038965933 0.37294087 0.0283802 0.31775242 0.086309664 -0.11971358 0.28518808 0.041422356 -0.03520973 -0.15417804 0.007433187 -0.06648873 -0.029912338 -0.08389945 0.0212165 0.06615215 0.027869508 0.14525151 0.16242702 0.19178803 0.10054256 0.20721307 -0.06428314 -0.07855186 -0.086740226 0.14325434 -0.1804214 -0.039618623 -0.03245676 0.2683852 -0.10664529 0.17759834 0.12582341 -0.07411168 0.001963653 0.083777554 0.00064991723 -0.2259395 -0.126858 -0.035493884 -0.09365383 -0.09363352 -0.0033125211 -0.2235499 0.13407338 -0.023146309 -0.14648104 -0.089717545 0.22036059 0.051776003 0.086670965 0.34317914 -0.25294173 0.07837031 0.46068355 -0.1481452 -0.22990082 -0.18066715 -0.17513114 0.35663807 -0.12077169 -0.23228516 -0.3774603 -0.017501008 -0.10145408 -0.12273828 0.043708816 0.017337732 -0.13374767 0.11935411 -0.10490413 -0.05195027 -0.13969383 0.10378555 -0.06814721 0.12602209 -0.082761146 -0.024261719 0.026759684 -0.026345741 0.027954243 -0.044509273 0.10143629 0.13126507 -0.008057058 -0.12881091 -0.1315768 0.063990794 0.099621065 -0.056288194 -0.03963709 -0.18278985 0.15363538
AUS 0.15823817 0.10231535 0.27981398 -0.1398478 -0.09570235 -0.24901097 -0.1948486 0.07594953 0.23573348 0.01881422 0.090221055 0.10740421 0.086129956 -0.107099846 -0.111317635 0.15678497 -0.009921955 0.06588857 0.12353962 0.28612927 0.1653636 0.05346235 0.1227472 -0.18443286 -0.2177081 0.33269146 -0.1485772 0.036415447 0.20970199 0.07386882 -0.17604777 0.07956956 -0.27659473 0.20180987 0.07445588 0.072543845 0.14105436 0.0338847 0.12603605 0.048338503 -0.11810402 -0.007657552 0.12873274 -0.097198665 0.2055681 -0.02856653 0.045787863 -0.23226921 -0.34618637 -0.17352319 0.09022922 -0.3331437 -0.0820138 0.20378634 0.19842015 -0.036854703 0.06471705 0.039191145 -0.2202666 -0.3596606 -0.10392756 -0.12378563 0.11480895 -0.101449236 0.12502876 -0.073530145 0.12785591 0.0013208359 0.078921676 -0.15390894 -0.038503867 0.01903414 -0.24545065 0.016950628 -0.112302 0.012005057 0.06814952 -0.019807456 -0.03744121 -0.02260904 -0.25271368 -0.021730088 0.12599428 -0.06199601 0.097876295 -0.14171426 -0.07758206 -0.0025341013 0.19410789 0.123275414 -0.110351026 -0.15762495 -0.21878496 0.020280747 0.1706864 0.0047960407 -0.10838758 -0.11576951 0.44272044 0.0024508913 -0.18948436 -0.031976625 0.09555815 -0.15453264 -0.21576539 0.025635203 -0.047426485 -0.16106345 -0.22549117 -0.06984428 -0.199962 -0.014016372 -0.01595081 -0.018908577 0.055900995 0.19980422 0.004408313 0.08014892 0.14837748 -0.07112023 0.030207269 -0.10970909 -0.19350722 0.029964862 -0.094610184 -0.34472618 -0.11558297 0.050862182
DEU 0.14575063 -0.1363339 0.1036531 -0.035724815 0.20146476 -0.2722517 0.11769573 0.15765128 0.010539829 0.035162903 0.14713386 -0.11668797 -0.15657613 -0.021426238 0.15652433 -0.018510617 0.14999163 0.16589363 -0.05513815 0.06883877 0.31149003 0.19332957 0.056138266 0.01663206 -0.038317006 -0.02405615 -0.18983321 0.030701274 0.1723822 0.05953981 -0.26495948 0.122635014 0.08034422 0.21720782 -0.20331019 0.031189838 0.35317147 0.03887392 0.3321494 0.063902676 -0.083891 0.2739987 0.022629071 -0.038813192 -0.14656885 0.016950112 -0.038965996 -0.050304558 -0.05340242 0.03358822 0.09604685 0.04225788 0.17164728 0.1394689 0.1879013 0.13836956 0.19454837 -0.0533314 -0.060120802 -0.045744233 0.16402748 -0.18860811 -0.044946685 0.027625462 0.23827194 -0.088223495 0.16056834 0.13018897 -0.05543112 -0.0008465238 0.089409806 -0.00088007224 -0.17306818 -0.12081782 -0.02759187 -0.09536936 -0.099117965 -0.005717836 -0.16560596 0.19428736 -0.0014238555 -0.16140723 -0.0759909 0.2272845 0.033113755 0.08909915 0.33355752 -0.2251614 0.093970135 0.39619744 -0.14514256 -0.22061595 -0.18342157 -0.16415611 0.30230662 -0.12554505 -0.23505431 -0.3488918 -0.045506366 -0.103949636 -0.10627775 0.06126444 0.008329187 -0.11177974 0.087294094 -0.044970468 -0.015895579 -0.14296362 0.122598365 -0.063007474 0.11628889 -0.03809809 0.0006514514 0.013342413 -0.04853106 -0.010158704 -0.075509 0.10830851 0.12687606 0.036286153 -0.1312156 -0.108099096 0.069293834 0.109998815 -0.07283043 -0.0034363265 -0.14246784 0.11750851
ARE 0.09614265 0.10429735 0.32822213 -0.16624513 -0.16133255 -0.21082345 -0.2622004 0.05537943 0.20410106 0.060856037 0.24429198 0.12515457 0.09251494 -0.091348164 -0.11259179 0.02948024 -0.040875804 0.07927158 0.08250199 0.28539243 0.09422727 -0.041037545 0.06779045 -0.10496176 -0.33482018 0.37735078 -0.23049395 0.0031445564 0.1527625 0.017078632 -0.20047702 0.11053211 -0.29556867 0.11215691 0.17199227 0.0408708 0.10222542 0.054251015 0.11996274 -0.0039764834 -0.13722217 0.054849062 0.032916076 -0.102285825 0.2805873 -0.07356577 0.052075766 -0.20960832 -0.25063545 -0.08139249 0.10050611 -0.2929499 -0.022050455 0.17844729 0.16695541 0.0415346 -0.0036982135 0.07698312 -0.22815756 -0.1973378 -0.086335585 -0.099969625 0.1021819 -0.006939834 0.15358135 -0.05819952 0.09579292 -0.018715333 0.15666102 -0.22243781 -0.034773972 -0.003518817 -0.19392407 -0.062248185 -0.08208567 -0.0143529605 0.11544715 0.0071432106 0.02313063 0.08478032 -0.26352578 -0.07239544 0.20898552 -0.004244261 0.039143886 -0.13946731 -0.07288685 0.016109796 0.18883483 0.059029132 -0.11405747 -0.11991648 -0.22943807 0.06950154 0.16404742 0.0016984047 -0.13577512 -0.087056264 0.41269308 -0.008847387 -0.28932223 -0.08061871 0.07329956 -0.07788422 -0.24074356 0.07646004 -0.015501309 -0.14666438 -0.19945721 -0.097052574 -0.14994572 -0.008042046 0.033383552 0.019416293 -0.011482727 0.119321935 -0.03700452 0.09377142 0.15152544 0.037106752 0.029719932 -0.13494974 -0.14682746 0.0031493271 -0.121046826 -0.3215582 -0.08287724 -0.019152071
SAU -0.026245598 -0.022386529 0.3050325 -0.16060382 -0.10755703 -0.17125805 -0.16396032 0.0507559 0.11445448 0.14541903 0.5454921 0.076199606 0.042607166 -0.047147803 -0.028404778 -0.2313237 -0.033401728 0.15352502 -0.020451184 0.103349164 0.047439385 -0.11523388 -0.023330107 0.052522533 -0.3838923 0.24913737 -0.33414602 -0.046352986 0.098027505 -0.064662196 -0.23655245 0.18916164 -0.17779198 -0.009573912 0.16328558 -0.0010436391 0.15171054 0.1205266 0.26434258 -0.117703356 -0.11177256 0.30999932 -0.19470367 -0.16302352 0.2837735 -0.1080293 -0.021711065 -0.12916727 0.053047504 0.20111471 0.09581154 -0.051593352 0.14113377 0.11976089 0.063864715 0.17544495 -0.10448226 0.10197521 -0.15013166 0.20616157 0.057741527 -0.07260806 0.009277447 0.21819636 0.20191187 -0.043344513 0.026761405 0.021521918 0.2249136 -0.24693158 -0.032241948 -0.04950552 -0.045155417 -0.21226417 0.0020521216 -0.106948115 0.13842519 0.099522926 0.06763994 0.3490281 -0.18949598 -0.18460102 0.21725075 0.21849672 -0.031619653 -0.061771635 0.120810285 -0.07157523 0.14229971 0.038650207 -0.13594571 -0.08097195 -0.2102418 0.05187928 0.13662204 -0.085305825 -0.12078033 -0.09504051 0.12388023 -0.034643516 -0.37161973 -0.09167525 -0.022754911 0.050392035 -0.13908859 0.10770391 0.020778548 -0.07002045 0.015807142 -0.09211249 0.0681411 0.018976633 0.11325621 0.10423884 -0.19055034 -0.09200351 -0.105548345 0.116422065 0.14153382 0.26714385 -0.033025682 -0.13259009 0.04210426 -0.005685009 -0.14679885 -0.12597394 -0.0447637 -0.15864353
GRC 0.078562975 -0.1082083 0.17092462 -0.06524098 0.10528494 -0.22719178 0.038926315 0.1142266 0.036841102 0.059184268 0.3090412 -0.07667252 -0.09187619 -0.022992179 0.09745094 -0.14301369 0.09693344 0.15880476 -0.07377053 0.011285249 0.20741037 0.09169529 0.033588078 0.050296336 -0.13425027 0.053512473 -0.23029254 -0.00055076246 0.11820199 0.00010364712 -0.24147844 0.15663514 0.010858525 0.14125896 -0.08749117 0.014359234 0.30018345 0.08285779 0.32428294 0.0008089107 -0.100054555 0.31552362 -0.082317136 -0.07850289 -0.008186982 -0.037800405 -0.042681485 -0.046132214 0.02369177 0.14725608 0.06461503 0.058668267 0.18022086 0.13108906 0.12592185 0.16113766 0.07995895 -0.0035612301 -0.08539124 0.118034266 0.15231952 -0.13807036 -0.031978298 0.123028636 0.24715906 -0.0764158 0.103268825 0.08147659 0.039345253 -0.087754875 0.044254024 -0.024293428 -0.110780895 -0.18407027 -0.00015193594 -0.12119438 9.642006e-05 0.061902903 -0.10675238 0.27145743 -0.06340125 -0.17438182 0.022116916 0.25502762 -0.010640026 0.061370723 0.2968128 -0.18928958 0.084703244 0.30355576 -0.1539097 -0.16875969 -0.1917435 -0.10270014 0.25960463 -0.12635472 -0.21025757 -0.28860122 -0.04209721 -0.08179208 -0.23029695 -0.017702106 -0.01255307 -0.025505722 0.04559429 -0.025961813 -0.024023198 -0.117040716 0.12541226 -0.06964289 0.13131578 -0.035517644 0.057974853 0.067757905 -0.14149562 -0.051523566 -0.109605014 0.11331034 0.13180134 0.14536743 -0.106266834 -0.13189712 0.093048714 0.07751252 -0.08754642 -0.02364777 -0.12069128 0.027597446
MYS 0.15826823 0.12199703 0.31287152 -0.17525432 -0.12878504 -0.22730376 -0.2506836 0.078991525 0.21490829 0.013885482 0.12034576 0.109066926 0.0494581 -0.0876673 -0.10377629 0.12774485 -0.00445415 0.053078003 0.10485688 0.32966685 0.14773889 0.005373446 0.09635362 -0.13836129 -0.264995 0.3582707 -0.16909055 0.0154826725 0.17682019 0.047456775 -0.17227559 0.081302315 -0.30070546 0.18850094 0.12764409 0.073011465 0.14547764 0.048981305 0.0996053 0.036319684 -0.15128803 0.0057881423 0.12631124 -0.0766096 0.25128427 -0.06987877 0.0779023 -0.2288729 -0.33072567 -0.1703127 0.0881812 -0.3244776 -0.042908743 0.19400015 0.21606764 0.004098311 0.07341909 0.062347196 -0.21076404 -0.34671122 -0.116418906 -0.114957824 0.1112286 -0.106374584 0.14313659 -0.03851004 0.1303698 -0.01373146 0.07513588 -0.16931832 -0.0020722777 0.0055051465 -0.22785145 0.0025403276 -0.10385257 0.03277262 0.06430692 -0.037632734 -0.019514173 -0.011738642 -0.22913916 -0.050606884 0.14508256 -0.07385302 0.058176678 -0.14018027 -0.085478544 0.010591595 0.17096037 0.097504735 -0.09518401 -0.12838653 -0.19063999 0.029006515 0.1653862 0.037851404 -0.15182987 -0.10218621 0.43509012 -0.017125567 -0.21706307 -0.038268566 0.0714649 -0.12995213 -0.18447664 0.05483513 -0.037547022 -0.1624172 -0.23970346 -0.09923442 -0.18394968 -0.015179866 -0.016605172 -0.034455728 0.07355568 0.14986719 0.0065116207 0.07162045 0.13558683 -0.04611521 0.043951973 -0.124104574 -0.18800335 0.0013253386 -0.08915809 -0.3123751 -0.07925074 0.06275012
THA 0.12887114 0.13549998 0.36151052 -0.20083098 -0.16991252 -0.21312314 -0.29007813 0.07812812 0.1935076 0.05233283 0.20427127 0.1328695 0.06308265 -0.09154462 -0.09524314 0.05270852 -0.05088703 0.05119934 0.08150696 0.33018425 0.06474901 -0.07708861 0.04841761 -0.09620335 -0.3355135 0.36923894 -0.20785122 -0.010207515 0.1379664 0.017753867 -0.17282781 0.1127733 -0.3197326 0.13162401 0.1790895 0.050316952 0.16380726 0.08887338 0.12080995 0.002145518 -0.14826386 0.052086283 0.068995684 -0.07980063 0.30425924 -0.072411016 0.066522256 -0.24240892 -0.2791616 -0.11729645 0.105839685 -0.30831605 -0.01387054 0.18026938 0.2059803 0.061573777 0.0144632375 0.1058008 -0.20813832 -0.2655488 -0.13134189 -0.09921762 0.10882945 -0.040054847 0.16591007 -0.03645575 0.12859723 -0.018672597 0.13009763 -0.2363635 -0.013162764 0.0059996434 -0.2136038 -0.041665547 -0.09659365 0.031745538 0.09949198 -0.025134139 0.027995901 0.054342795 -0.2459767 -0.07802373 0.2162459 -0.05104889 0.034740858 -0.15262376 -0.08480974 0.04027528 0.18988965 0.036548685 -0.11709124 -0.10382088 -0.20257547 0.069318086 0.12808172 0.0455526 -0.14651191 -0.051593367 0.45744997 -0.026651975 -0.2654846 -0.05086294 0.08262368 -0.08408704 -0.21519023 0.09910801 0.004654717 -0.15381287 -0.2444397 -0.11182221 -0.1669145 0.00986702 0.00717308 -0.022782348 0.040005628 0.0979503 -0.008253108 0.08146252 0.12864608 0.04287783 0.0704056 -0.137456 -0.15441594 -0.0338772 -0.11301288 -0.29758716 -0.046650533 -0.0037056278
PRT -0.046338927 -0.033461865 0.37006345 -0.1830033 -0.11154898 -0.1812205 -0.19279793 0.05636803 0.13945043 0.19840401 0.6784505 0.08572646 0.05806461 -0.047736354 -0.046032876 -0.29568523 -0.04858719 0.18729094 -0.051769044 0.11560333 0.0527764 -0.16304238 -0.039059013 0.07427789 -0.48872322 0.2655963 -0.44024235 -0.055243246 0.08375215 -0.08612837 -0.27090085 0.241893 -0.2016855 -0.021784475 0.20308976 -0.02442666 0.18096197 0.14228778 0.34547627 -0.13963725 -0.15579757 0.40845823 -0.27937746 -0.2279254 0.33223832 -0.13004702 -0.017043872 -0.1309925 0.111447215 0.31873685 0.10158153 0.007176947 0.19223462 0.11821471 0.02906189 0.24000691 -0.13741903 0.14905101 -0.1640654 0.34767818 0.07724069 -0.077745475 -0.005835362 0.3096858 0.26286396 -0.050825216 0.035483535 0.038535185 0.2827216 -0.28610602 -0.058187805 -0.05985917 -0.011992085 -0.286711 0.033879917 -0.1695472 0.18080075 0.13029736 0.074222475 0.4603473 -0.19191095 -0.2378957 0.24554288 0.30434322 -0.05263799 -0.04720232 0.17189181 -0.090337485 0.14118944 0.033263084 -0.15797949 -0.10159415 -0.23746549 0.05222704 0.12900862 -0.13306819 -0.12079244 -0.11312619 0.08673343 -0.051976122 -0.47549823 -0.13006707 -0.0458797 0.08916455 -0.16527064 0.1310329 0.0334915 -0.05697084 0.06830908 -0.10832162 0.09854416 0.022018574 0.15371044 0.13981657 -0.27160037 -0.15093239 -0.1393904 0.14703898 0.17196557 0.36111188 -0.06206007 -0.16308433 0.11061645 -0.008254699 -0.17801553 -0.08171689 -0.04267638 -0.22564597
KOR 0.12814376 0.13615711 0.3372822 -0.20081182 -0.1687122 -0.19838992 -0.28818655 0.064789616 0.20662795 0.056140386 0.21092787 0.12853964 0.069635406 -0.07657315 -0.09865738 0.067711554 -0.060590833 0.071555264 0.08884264 0.35346377 0.09013216 -0.061917838 0.06431734 -0.09891269 -0.37739268 0.42135185 -0.2292712 -0.01202113 0.15633717 0.031596202 -0.2020783 0.10849725 -0.33501115 0.13691479 0.17754415 0.043554723 0.15222588 0.09190062 0.13267457 -0.014780823 -0.1568558 0.052680332 0.07266613 -0.10547644 0.31211418 -0.08535939 0.06648479 -0.25957546 -0.29486805 -0.13113236 0.12410152 -0.35067344 -0.015549473 0.19676425 0.2102042 0.06032947 0.017783765 0.096355446 -0.2388955 -0.2774012 -0.13237466 -0.09931698 0.1072007 -0.042811334 0.15150738 -0.038541175 0.10943052 -0.034173723 0.14518595 -0.24085721 -0.023123475 0.020882139 -0.20169666 -0.022119977 -0.11446802 0.039515123 0.115475886 0.007523662 0.029287562 0.059526324 -0.27055895 -0.0708131 0.22445104 -0.074628256 0.036933035 -0.176484 -0.103278324 0.03641442 0.19420654 0.03373289 -0.116964936 -0.10509706 -0.23445842 0.066815786 0.14111409 0.029765507 -0.13508756 -0.021767456 0.4678067 -0.014458111 -0.25981748 -0.07614154 0.07187902 -0.08269325 -0.2476155 0.11214024 -0.0014999112 -0.12906644 -0.26105773 -0.10963579 -0.16967784 0.016078092 0.0107333055 -0.009631085 0.038889073 0.11270147 -0.030613145 0.08568679 0.14150256 0.04644028 0.072941445 -0.13923255 -0.17845961 -0.027454538 -0.108512044 -0.33443955 -0.059364803 -0.016432166
JPN 0.025430633 0.06268649 0.30656934 -0.1518128 -0.14678651 -0.16620164 -0.21175024 0.040049363 0.15724295 0.10027984 0.36079988 0.10810311 0.08827814 -0.06988615 -0.08164696 -0.08336723 -0.05189525 0.09791812 0.042992983 0.20844474 0.026985679 -0.09741406 0.0053973133 -0.038322378 -0.37285873 0.31573933 -0.27624503 -0.035594728 0.10213199 -0.02921789 -0.19065894 0.1457402 -0.25147727 0.037068218 0.1858705 0.02401733 0.11992712 0.0963213 0.1744498 -0.06804518 -0.11776965 0.16076641 -0.067870855 -0.12741669 0.3030062 -0.07840937 0.010168478 -0.17281674 -0.09859137 0.064377956 0.08775757 -0.16910635 0.048315715 0.13002758 0.10660929 0.09596778 -0.083179854 0.11314779 -0.17800887 -0.002270557 -0.045412313 -0.071197584 0.064697705 0.108618885 0.16201712 -0.04856087 0.05105435 -0.0074995602 0.19647683 -0.23446468 -0.04453592 -0.017264502 -0.10815172 -0.12020555 -0.037608847 -0.048530266 0.14177278 0.057870474 0.05665166 0.21262223 -0.22427668 -0.10860836 0.22383104 0.08880177 0.008711156 -0.11671165 -0.0009998705 0.0026692778 0.16579992 0.0005828542 -0.11324092 -0.08749502 -0.21773553 0.075460196 0.121266365 -0.019490061 -0.111446284 -0.05319404 0.27710506 -0.01701281 -0.32639948 -0.09560185 0.03376402 3.0331663e-05 -0.1989046 0.10691407 0.01512689 -0.09084675 -0.10768715 -0.0969076 -0.05120463 0.021450885 0.07074055 0.051596444 -0.10283481 0.0058434815 -0.057255488 0.095449254 0.12516312 0.16293621 0.02406789 -0.10947632 -0.052094772 -0.023326064 -0.11571777 -0.20830052 -0.034687936 -0.0952032
IND 0.026724506 0.03034178 0.2733167 -0.15274227 -0.12766153 -0.1481858 -0.18475674 0.049340308 0.1264365 0.09371318 0.3502218 0.08091326 0.06075563 -0.035941347 -0.050364096 -0.10984407 -0.04898144 0.11109495 0.02247447 0.1855271 0.056385435 -0.094761655 -0.009410269 -0.008045631 -0.3538197 0.28588 -0.27537912 -0.036623094 0.11301821 -0.020037767 -0.20142786 0.1519429 -0.20289151 0.030685144 0.16523825 0.014155349 0.12829937 0.10032248 0.16763575 -0.07134664 -0.11191948 0.18392786 -0.07614764 -0.11100878 0.26878777 -0.09231176 0.007935978 -0.15981503 -0.07071896 0.06894614 0.09914701 -0.15274249 0.06695506 0.12912188 0.12426183 0.12913662 -0.055312537 0.105641685 -0.17640045 0.010181131 -0.0171564 -0.08615342 0.041900788 0.10610332 0.18230388 -0.04349019 0.0518434 -0.009969645 0.19354583 -0.2303539 -0.025291696 -0.0143332295 -0.112861656 -0.12922506 -0.033551686 -0.056695424 0.13225788 0.061101276 0.058323476 0.22717729 -0.21609241 -0.1407852 0.21978393 0.1003686 0.0019161308 -0.097297475 0.03578286 -0.032715376 0.15758245 0.041421358 -0.12603424 -0.076079175 -0.22224332 0.06286581 0.13949075 -0.025616167 -0.13341792 -0.07193279 0.23870291 -0.017359398 -0.31929734 -0.07565904 0.016061075 -0.007120985 -0.1805581 0.1161479 0.0042839777 -0.09693586 -0.097607985 -0.087002024 -0.023396794 0.019306472 0.063914575 0.058218237 -0.10253801 -0.0067776176 -0.07473827 0.098767236 0.12583444 0.1746963 0.011400044 -0.1307181 -0.04588412 -0.021121463 -0.12013312 -0.18488297 -0.04918422 -0.08257795
USA 0.18454355 -0.056230564 0.122904904 -0.035806995 0.13203946 -0.2687733 0.04314689 0.13963749 0.08617054 -0.007837816 0.0315042 -0.07199195 -0.08817831 -0.05201436 0.07278681 0.07982689 0.12530817 0.11926187 0.010077969 0.1157465 0.2909049 0.19042069 0.110969 -0.064665504 -0.0050976956 0.056581005 -0.110174954 0.04642731 0.19166934 0.086047344 -0.19643559 0.09014012 -0.0048586866 0.24864233 -0.15458702 0.048584994 0.2826686 0.011876456 0.23705204 0.102697805 -0.10012822 0.14476158 0.09406346 -0.03441628 -0.08864721 0.0045144144 -0.020169636 -0.08557401 -0.19635274 -0.07247367 0.07371193 -0.10053095 0.06897375 0.17730556 0.18668611 0.046471 0.18144882 -0.049617775 -0.117164694 -0.20525734 0.06827797 -0.16032334 0.018110175 -0.068480924 0.19287598 -0.095012054 0.16380583 0.085565396 -0.053279497 -0.0075673684 0.048113555 0.011887701 -0.21834989 -0.050598808 -0.060903843 -0.054181807 -0.08090047 -0.023138339 -0.18059964 0.053622644 -0.0706176 -0.089296885 -0.05667051 0.09414481 0.07308781 0.025777763 0.19440012 -0.15777709 0.09854067 0.35072497 -0.11296079 -0.2053317 -0.16157945 -0.122524805 0.2675705 -0.07820203 -0.17175242 -0.2851131 0.10001801 -0.06652138 -0.07225244 0.03398844 0.03176 -0.16133966 0.02702521 -0.07594971 -0.05534476 -0.13799731 0.013587536 -0.047596645 0.007262267 -0.06317844 -0.023465157 -0.0035634625 0.017542107 0.08784848 -0.021920787 0.0758583 0.12674563 -0.056701645 -0.081020445 -0.10896443 -0.030283766 0.093906045 -0.048661683 -0.11099032 -0.15155415 0.14199254
FRA 0.11748968 -0.09229334 0.13818012 -0.0428846 0.13429555 -0.24112241 0.06284687 0.1379429 0.03884034 0.037082758 0.19535507 -0.08915559 -0.09428251 -0.035367075 0.12003093 -0.05775875 0.112656176 0.13493708 -0.055221453 0.04422595 0.23114713 0.1402046 0.041477624 0.016333869 -0.070598245 0.014728646 -0.16216604 0.025103262 0.14383902 0.046416596 -0.22405908 0.12726243 0.01057338 0.17610975 -0.1337066 0.027675789 0.30707577 0.06067569 0.3030096 0.028261593 -0.092898995 0.25815684 -0.0029870996 -0.050046794 -0.058452 -0.015773704 -0.03821303 -0.062723316 -0.034910582 0.0558083 0.08587177 0.008957019 0.15128304 0.13458782 0.15587579 0.11681279 0.13729736 -0.02270834 -0.08714714 -0.01310951 0.11845543 -0.15198511 -0.029156694 0.036160473 0.24146622 -0.083377704 0.1320727 0.09947724 -0.008516632 -0.05315428 0.06487561 -0.0024229109 -0.17373084 -0.1271251 -0.019597443 -0.09525508 -0.040376026 0.007209306 -0.13129798 0.1992763 -0.044511296 -0.15855865 -0.022534404 0.20536983 0.021676306 0.05810996 0.28685212 -0.18285728 0.09850496 0.33014432 -0.13247725 -0.19077356 -0.1761699 -0.11620016 0.27202857 -0.10749283 -0.20948014 -0.30022258 -0.004252657 -0.088810444 -0.15183677 0.01720277 0.0074299807 -0.07889508 0.055404212 -0.04250047 -0.02084895 -0.13176095 0.091673814 -0.05538612 0.10891099 -0.03685901 0.025548082 0.04179042 -0.06385198 -0.0035184051 -0.0777818 0.10879469 0.13435279 0.06266137 -0.098139696 -0.11911489 0.06914806 0.08737855 -0.0672686 -0.044040274 -0.12419749 0.07936795
LBY 0.12287226 -0.11652756 0.13914713 -0.036605135 0.15285854 -0.2731215 0.08972911 0.1398826 0.039605048 0.025503417 0.20987651 -0.09656857 -0.11159294 -0.031454418 0.13639918 -0.060171146 0.13147289 0.16024338 -0.05841576 0.031595547 0.27409804 0.17573494 0.060753886 0.021498803 -0.057411008 0.02299296 -0.1763747 0.028672252 0.16228674 0.03492319 -0.24964432 0.1279172 0.05546284 0.18152407 -0.16163447 0.03904056 0.3167197 0.050234385 0.31635097 0.035380736 -0.09576861 0.27975237 -0.013671389 -0.052654516 -0.086357296 -0.0037379195 -0.04620488 -0.042128257 -0.029958133 0.07295021 0.08378794 0.04494094 0.16633882 0.14460924 0.14971188 0.12664783 0.15216936 -0.035053 -0.08463937 0.0011568486 0.14846465 -0.16246815 -0.03513277 0.051013835 0.23830213 -0.08241292 0.13439988 0.10399042 -0.018388353 -0.024864431 0.07225953 -0.010474776 -0.16076325 -0.13307871 -0.012343233 -0.097448006 -0.06029806 0.026186153 -0.14605422 0.2032752 -0.027757697 -0.16169654 -0.037815724 0.2358053 0.021187317 0.07759189 0.3102723 -0.22394112 0.07892233 0.3620323 -0.14324623 -0.19113539 -0.17194638 -0.13480945 0.2967781 -0.12215417 -0.21678539 -0.3323581 -0.027962765 -0.10045095 -0.15881236 0.021799933 0.0015027028 -0.07984689 0.078067765 -0.059962865 -0.027774338 -0.12736733 0.12001095 -0.056497622 0.13093019 -0.043295577 0.013791389 0.050123665 -0.07547331 -0.0205432 -0.080001816 0.100864105 0.13498034 0.06717304 -0.116271354 -0.11973492 0.07768251 0.09499227 -0.06613407 -0.03984642 -0.14244963 0.082894705
IDN 0.0871808 0.07532061 0.26149103 -0.13924709 -0.11565629 -0.19088118 -0.19352666 0.04627183 0.19157976 0.057190847 0.21233024 0.096344136 0.08022254 -0.07842089 -0.099778265 0.044624135 -0.02690858 0.0713296 0.07522037 0.23344159 0.11203999 -0.006391092 0.07388889 -0.105980456 -0.27685505 0.31457946 -0.20328157 -0.00489614 0.15568474 0.02315563 -0.18433528 0.09694979 -0.2457419 0.107305504 0.1259499 0.055871796 0.1076302 0.054853432 0.13061003 -0.0048385053 -0.1147287 0.052928407 0.031012148 -0.106529176 0.23021598 -0.051791836 0.025724024 -0.1844268 -0.21425657 -0.05690659 0.07311485 -0.23389949 -0.020337066 0.14896648 0.12903088 0.022317125 0.0011058792 0.06836413 -0.18856955 -0.17439337 -0.073986396 -0.088203505 0.08307145 -0.0056978446 0.12143622 -0.048304833 0.07733794 -0.011615736 0.11122537 -0.16965689 -0.035970323 -0.0016748684 -0.16053303 -0.036924906 -0.070879675 -0.02339053 0.082626835 0.01630121 0.014153982 0.077058956 -0.21106414 -0.057883203 0.15287983 0.014860605 0.045793835 -0.11333671 -0.052586336 0.0027351403 0.16092111 0.0478116 -0.09275212 -0.10740278 -0.1843729 0.048601862 0.13137652 -0.0063849078 -0.10945512 -0.08531361 0.328775 -0.009976025 -0.23787814 -0.056336977 0.049880676 -0.07014656 -0.19185138 0.049210165 -0.014984852 -0.12396517 -0.16148372 -0.0812486 -0.1258636 -0.0055723763 0.025834264 0.014561491 -0.015828164 0.10353624 -0.025652928 0.08820422 0.13288717 0.029733023 0.025580402 -0.10470705 -0.12860301 0.015401963 -0.09781209 -0.2669459 -0.0780941 -0.013333052
KWT 0.03577162 -0.038034428 0.20918894 -0.098176494 -0.0038209746 -0.18306267 -0.061784446 0.0847646 0.07445108 0.07852538 0.3329099 -0.00457769 -0.014422554 -0.02502587 0.040703166 -0.1500474 0.022733951 0.14637463 -0.037758894 0.06937372 0.13116316 0.0041373204 0.017440775 0.03147387 -0.23787127 0.1505337 -0.23937719 -0.005209941 0.11012208 -0.011151654 -0.22652581 0.14636001 -0.08366761 0.06686952 0.025973989 0.008019675 0.18927613 0.09393531 0.251444 -0.04510581 -0.10452673 0.2608705 -0.10388753 -0.0965871 0.11879162 -0.04714679 -0.02081126 -0.080005184 0.0137406215 0.12897114 0.06012375 -0.015958263 0.13665318 0.12440186 0.10701546 0.15056813 -0.009521273 0.04528263 -0.11686326 0.10717111 0.079276234 -0.08790026 -0.0035665748 0.13380454 0.22022243 -0.059880123 0.06325114 0.03649475 0.11773146 -0.15424582 0.0051656505 -0.019102462 -0.096513934 -0.16781117 -0.012033391 -0.094907045 0.06242746 0.07398778 -0.028399315 0.2637426 -0.11751382 -0.152448 0.11027709 0.1938368 -0.0058985283 -0.01579283 0.18348439 -0.1239099 0.1096045 0.15408729 -0.12898952 -0.12651588 -0.19359313 -0.019735308 0.19552195 -0.08837602 -0.15729207 -0.17225291 0.05459527 -0.05419078 -0.26871327 -0.052606147 0.0048427633 0.0069236504 -0.06358215 0.035065424 -0.0061569843 -0.09540174 0.042249862 -0.070383474 0.06883165 -0.014892282 0.06332646 0.08203767 -0.13874976 -0.037307113 -0.092759125 0.101447664 0.13203485 0.16570857 -0.062286917 -0.11671174 0.049634527 0.037505995 -0.10040586 -0.096971005 -0.07226804 -0.049647953
FIN 0.0067451247 -0.0059761265 0.27075586 -0.12485851 -0.08646375 -0.17237441 -0.1359881 0.055161655 0.10591609 0.11152302 0.42921212 0.053058576 0.033277463 -0.04179612 -0.014912783 -0.17365988 -0.0101301465 0.12648356 -0.026422549 0.10041945 0.06274668 -0.05732624 -0.007123915 0.031163497 -0.31655607 0.22134873 -0.27756795 -0.0209007 0.089086704 -0.051193416 -0.2111793 0.1569589 -0.1585895 0.022884272 0.10889819 0.0058002444 0.15862206 0.10334237 0.24076805 -0.0716254 -0.11480584 0.24608812 -0.12222424 -0.1301847 0.22618173 -0.07809183 -0.014241191 -0.10164781 0.019774348 0.16243297 0.06108475 -0.042708978 0.12255183 0.1095638 0.07133519 0.14676449 -0.06606124 0.07290961 -0.131193 0.14763767 0.05348815 -0.074739814 0.0019405716 0.1692151 0.20452061 -0.050894894 0.035862546 0.013393152 0.16650684 -0.20154497 -0.015473144 -0.03152617 -0.070356466 -0.18104339 0.0032630234 -0.10254284 0.102203704 0.09107153 0.028529175 0.29808086 -0.16057578 -0.15844008 0.16308914 0.18270564 -0.032506358 -0.04176239 0.115129046 -0.064416856 0.1289378 0.07807462 -0.12802945 -0.09690268 -0.19687366 0.028962214 0.14284198 -0.070515685 -0.14115536 -0.13852629 0.10549617 -0.032279473 -0.33327526 -0.07990543 -0.001960488 0.033537153 -0.11573545 0.068856135 0.012826136 -0.0927058 0.00624879 -0.07825227 0.04690084 0.0058280583 0.09613767 0.08553646 -0.15433148 -0.056429006 -0.108028896 0.11191268 0.13121575 0.19059502 -0.040762804 -0.1276127 0.026994444 0.018949285 -0.11920093 -0.12499845 -0.04710538 -0.09769561
SUN 0.009569605 -0.036665305 0.23018724 -0.10955159 -0.027696671 -0.19359212 -0.09712203 0.07456345 0.0884458 0.09830804 0.4093206 0.024336696 0.017598202 -0.051733714 0.027446767 -0.17271858 0.032410946 0.14574826 -0.035065617 0.064957894 0.09700837 -0.0064537306 0.0026847718 0.038850784 -0.26254165 0.17302404 -0.2539571 -0.020945176 0.09223592 -0.04346751 -0.22934121 0.14894202 -0.09396817 0.042790566 0.050685707 0.024125226 0.1810864 0.10221233 0.248088 -0.07151076 -0.09449004 0.2419401 -0.1168705 -0.10586712 0.14944933 -0.059312005 -0.016613139 -0.07157271 0.04013019 0.16650358 0.055099852 0.0039632814 0.14819239 0.11944171 0.08989309 0.1396294 -0.032462284 0.052617498 -0.11400349 0.15330526 0.08020016 -0.0775562 -0.0032311021 0.14021543 0.21239915 -0.044359893 0.046890274 0.03466094 0.12211491 -0.16320759 0.012607565 -0.033656284 -0.06634469 -0.1730544 -0.0012858212 -0.099928506 0.07085169 0.07878966 -0.002381626 0.29178324 -0.1186332 -0.156045 0.11050289 0.21622424 -0.030793382 0.001243108 0.17214924 -0.10929491 0.09639067 0.1150636 -0.12521611 -0.09787846 -0.1729689 -0.0022015036 0.17163561 -0.07427792 -0.16254516 -0.17359221 0.057540085 -0.059222184 -0.30417046 -0.07405031 0.003135251 0.029075017 -0.06386119 0.027756762 0.0028575459 -0.087456375 0.045757603 -0.073149435 0.072391674 0.0009322305 0.08475824 0.093111254 -0.16423404 -0.067399785 -0.11436948 0.107138954 0.11966935 0.1880817 -0.06709878 -0.1264011 0.05702968 0.018408015 -0.101451255 -0.09881996 -0.04916953 -0.05194711
GBR 0.16309512 -0.116747685 0.12947595 -0.03545253 0.20085834 -0.30958453 0.124134384 0.16534868 0.035172436 0.0070960205 0.14109702 -0.12227027 -0.13171612 -0.03721287 0.15200669 -0.011434763 0.16625485 0.16403593 -0.034664527 0.056823302 0.32779396 0.22295175 0.08793628 -0.0026989158 0.0018191929 0.00062027463 -0.15334196 0.047806915 0.19777763 0.074897975 -0.25130054 0.12703332 0.06361224 0.23488033 -0.2069875 0.03133474 0.3396017 0.042544615 0.31388196 0.06993025 -0.0941337 0.26311064 0.031942353 -0.033684738 -0.1295478 0.012697622 -0.051216945 -0.045438897 -0.077253446 0.026536074 0.07779067 0.022452343 0.15250622 0.16519308 0.17310728 0.108644485 0.19440089 -0.04680257 -0.08178645 -0.08496047 0.14729117 -0.18572173 -0.026883548 -0.010350338 0.25972047 -0.10629999 0.16769235 0.11227657 -0.043633502 -0.0009391731 0.07285622 -0.013159198 -0.20651639 -0.120264575 -0.036856737 -0.092810474 -0.08965103 0.0010031067 -0.20151307 0.16947967 -0.030491292 -0.1525891 -0.08337157 0.22391109 0.052415524 0.07808761 0.32262346 -0.24017748 0.0899825 0.4228586 -0.15471166 -0.23676158 -0.18947248 -0.16103256 0.31879634 -0.12986648 -0.22320922 -0.35754332 -0.008654249 -0.10433311 -0.1325722 0.033983633 0.013096636 -0.1271103 0.08862041 -0.07968251 -0.042227298 -0.16120797 0.10258831 -0.06306094 0.117271565 -0.06591511 -0.005923363 0.019407537 -0.04797813 0.018030744 -0.063794985 0.09647084 0.14527859 0.010153963 -0.13689269 -0.124750584 0.05799213 0.11272796 -0.07682133 -0.05658883 -0.1781037 0.12871969
DZA 0.19263108 -0.08766574 0.13735949 -0.037533294 0.1785284 -0.3002332 0.09612888 0.15571763 0.052097015 -0.011844636 0.070595466 -0.104832 -0.13848795 -0.044187844 0.12782568 0.04919808 0.14761117 0.14698632 -0.017119914 0.098043196 0.32981396 0.23181042 0.09762605 -0.034447238 0.002773195 0.02017747 -0.12743323 0.056029968 0.19183671 0.091850534 -0.23702273 0.10097301 0.037214354 0.26340568 -0.19722487 0.044695616 0.33906996 0.032681573 0.28699932 0.10224993 -0.11314185 0.20968114 0.0817289 -0.01873491 -0.12074511 0.01676194 -0.026254518 -0.071700044 -0.15937935 -0.037131075 0.08061348 -0.03294319 0.1199451 0.17320873 0.20044181 0.07838179 0.22085652 -0.06027953 -0.09143067 -0.18001612 0.1146269 -0.19281438 -0.0060607223 -0.060903445 0.23110932 -0.10358603 0.17835374 0.115572035 -0.075014144 0.007759986 0.0810352 0.003352764 -0.23094842 -0.077198036 -0.05360736 -0.061868984 -0.10818006 -0.025847452 -0.20170388 0.10090882 -0.034278106 -0.1314339 -0.08131197 0.16760696 0.057660066 0.052242506 0.28582558 -0.21519995 0.107622184 0.4179881 -0.13853222 -0.22884274 -0.18092081 -0.15737695 0.31928194 -0.0966813 -0.2272289 -0.3527472 0.04609632 -0.107045166 -0.10195738 0.045529865 0.032090314 -0.15995397 0.06460292 -0.07813078 -0.039227877 -0.16665837 0.045479055 -0.062732674 0.065981366 -0.06905481 -0.026216077 -0.0002951809 -4.671677e-05 0.052319262 -0.035989676 0.095241494 0.13972864 -0.030263884 -0.109103374 -0.11581484 0.012300261 0.11376104 -0.06411842 -0.09332892 -0.17375042 0.16417773
PHL 0.1411819 0.07884882 0.23905995 -0.12012219 -0.080690116 -0.22158974 -0.17370528 0.05841661 0.2052704 0.012351577 0.087251596 0.09015736 0.06365233 -0.08334096 -0.097936034 0.13997649 0.022828594 0.07184103 0.11040992 0.2706824 0.19556388 0.06553124 0.12845963 -0.17621577 -0.20879714 0.31688893 -0.17128167 0.025423914 0.20737441 0.058904063 -0.19617021 0.08756371 -0.23630247 0.18245691 0.07319781 0.070158914 0.11028323 0.009495033 0.0865262 0.05169537 -0.12237811 -0.010114882 0.119243056 -0.0878412 0.16846506 -0.040260527 0.038322814 -0.20018864 -0.3224865 -0.1414317 0.08556623 -0.3002919 -0.06966547 0.18692222 0.1773852 -0.029084498 0.07388518 0.034290295 -0.21350145 -0.32348615 -0.08180832 -0.11968126 0.09917273 -0.10622453 0.122809395 -0.069124445 0.1298297 0.008581945 0.060970083 -0.120454706 -0.021042485 0.014978033 -0.23020975 -0.011064289 -0.08823914 -0.0040000645 0.039673403 -0.02984634 -0.061945427 -0.014573715 -0.21254584 -0.035418663 0.10667001 -0.02667512 0.08734679 -0.11893011 -0.062086005 -0.022494728 0.15855859 0.12996872 -0.10297888 -0.16029587 -0.20198804 0.007812172 0.18762922 0.007809902 -0.12599376 -0.15932065 0.39270204 -0.016031217 -0.19258077 -0.031616878 0.08686896 -0.14672421 -0.18244389 0.00500633 -0.04015697 -0.16202843 -0.19219238 -0.07976446 -0.18610743 -0.027150556 -0.0047225985 -0.014617181 0.03880206 0.18419684 -0.010021069 0.087253734 0.15809289 -0.068556756 0.013750045 -0.109348096 -0.17381205 0.036494203 -0.07993926 -0.30294657 -0.12814802 0.075790614
NZL 0.18395153 0.09873203 0.26416498 -0.13694249 -0.076820485 -0.24009661 -0.18973368 0.08449086 0.22631326 -0.0005009416 0.04875778 0.096854046 0.061457712 -0.09614483 -0.09151362 0.18376379 0.020387616 0.054423027 0.11517102 0.31092808 0.19932134 0.07033471 0.12673666 -0.18570173 -0.21062124 0.33462015 -0.14750746 0.03210159 0.21613838 0.08532732 -0.19222982 0.06879237 -0.26699784 0.22372401 0.065362744 0.074419476 0.13392119 0.016763994 0.102870956 0.06608023 -0.13676143 -0.027441895 0.1468767 -0.07376038 0.19057368 -0.042511538 0.057650156 -0.22814536 -0.382529 -0.2069831 0.086454324 -0.34606096 -0.07276733 0.21304731 0.21619555 -0.040400025 0.107721284 0.03317602 -0.22121209 -0.40523022 -0.10864686 -0.13459083 0.10881036 -0.1310644 0.121902786 -0.07196295 0.14090411 0.008313489 0.04177447 -0.13563739 -0.013214042 0.0209753 -0.26076135 0.018105892 -0.11272104 0.025645742 0.034306638 -0.05110387 -0.06332088 -0.057191636 -0.23953332 -0.0311249 0.11795461 -0.066761285 0.09058331 -0.14205834 -0.087125614 -0.006449595 0.19157553 0.14144804 -0.11035834 -0.16837229 -0.21510154 0.013065274 0.18428014 0.017620172 -0.13209942 -0.13833065 0.45934868 -0.020669086 -0.17186546 -0.03223656 0.09338237 -0.17960028 -0.20368388 0.017343545 -0.046962596 -0.17539652 -0.22657381 -0.07778009 -0.2117396 -0.017028866 -0.024778148 -0.03476585 0.07777513 0.21463384 0.0022206393 0.07479507 0.15996455 -0.09601465 0.031796604 -0.12282409 -0.19816439 0.042932235 -0.09462372 -0.3445664 -0.11902406 0.08862191
HKG 0.16665728 0.113831446 0.27181888 -0.13769531 -0.114782184 -0.24716997 -0.21806894 0.072298825 0.23882416 0.014753739 0.07931369 0.11032425 0.086931795 -0.09882252 -0.110172026 0.17426348 -0.0026972927 0.052188113 0.13558845 0.33177936 0.17998804 0.050918315 0.13085257 -0.19705696 -0.24548382 0.37620676 -0.160976 0.043147314 0.2116453 0.06979458 -0.19683778 0.06641601 -0.29297733 0.2120654 0.09789615 0.08318571 0.120299935 0.02308221 0.096288934 0.061829694 -0.14210212 -0.021022296 0.14287648 -0.08573387 0.22672358 -0.042058647 0.06042067 -0.23419282 -0.38100958 -0.19031678 0.09012635 -0.35907608 -0.086785585 0.20285405 0.20804228 -0.04044828 0.080214046 0.042047825 -0.23468874 -0.3914922 -0.12502007 -0.12587258 0.12821093 -0.122811936 0.11903101 -0.06188916 0.13409728 -0.01575487 0.06643866 -0.1520386 -0.02837731 0.011867783 -0.25290096 0.013446774 -0.10674089 0.016010577 0.065447405 -0.042102765 -0.04565406 -0.04416664 -0.25217515 -0.018490432 0.12668063 -0.0771121 0.08734542 -0.15656632 -0.10036807 0.0087941345 0.19761257 0.10798507 -0.10219574 -0.16751988 -0.20783734 0.032153208 0.1732548 0.03276829 -0.13447827 -0.13605364 0.47188 -0.002536738 -0.20598078 -0.044401072 0.10965841 -0.16036434 -0.22352548 0.026410695 -0.046768 -0.17750728 -0.25011522 -0.07583467 -0.23025467 -0.017068362 -0.015826432 -0.03174939 0.06513825 0.22424017 0.009155843 0.07407131 0.16273727 -0.088273846 0.031198507 -0.1156936 -0.21875077 0.038223047 -0.087763175 -0.37095696 -0.118175 0.07150224
NGA -0.045958303 0.0012695852 0.4511827 -0.22607857 -0.1924614 -0.17737384 -0.27415115 0.041598033 0.15747438 0.21611583 0.7435532 0.13511166 0.0852368 -0.06624028 -0.07987818 -0.3140103 -0.08170967 0.176858 -0.03444949 0.16499269 0.012938604 -0.2225358 -0.04568245 0.07967436 -0.5774994 0.33881634 -0.4790318 -0.073417746 0.079775274 -0.11433026 -0.273265 0.2599138 -0.26092565 -0.06342913 0.26901338 -0.039091043 0.1618187 0.15872818 0.31504375 -0.17343609 -0.1456255 0.3850051 -0.2851544 -0.2374762 0.4196401 -0.1515458 0.009929321 -0.16876276 0.09417831 0.30058098 0.11644504 -0.059137404 0.17894052 0.13345057 0.03854663 0.24831721 -0.17565238 0.17793031 -0.19918135 0.33534226 0.047728233 -0.075691186 0.016489184 0.32284945 0.2619814 -0.050116006 0.023147073 0.016259197 0.3325697 -0.3585759 -0.05508456 -0.058187522 -0.015355314 -0.2845986 0.019232055 -0.147583 0.21372521 0.11399217 0.12994522 0.4809841 -0.2364922 -0.2442442 0.31017235 0.27954257 -0.065955706 -0.071840405 0.1120917 -0.04876531 0.1765501 -0.016269453 -0.17501727 -0.08036379 -0.24575882 0.09344554 0.115970664 -0.10525497 -0.1305335 -0.07535943 0.17767167 -0.03844287 -0.5289002 -0.1365794 -0.02312378 0.09533446 -0.23105071 0.16634755 0.053767875 -0.057055965 0.018876797 -0.13138404 0.06062938 0.030349104 0.16288963 0.14288549 -0.2691233 -0.15445305 -0.13032478 0.16947886 0.1832025 0.385759 -0.036006413 -0.18873665 0.07551203 -0.040901437 -0.20475677 -0.13274433 -0.033284623 -0.2559375
SGP 0.181337 0.11005372 0.2949533 -0.15852429 -0.10886457 -0.26067373 -0.22758898 0.08829599 0.24389653 0.0032539258 0.10508589 0.11447617 0.059796855 -0.10500808 -0.10290814 0.16824456 0.0029574805 0.057638813 0.122441836 0.31297812 0.17871083 0.054170765 0.13356741 -0.1818943 -0.22595981 0.35630736 -0.15806714 0.038746268 0.20664997 0.07450541 -0.18672262 0.06870456 -0.28326342 0.21409108 0.09454714 0.07823792 0.14454964 0.025402423 0.114461266 0.0637792 -0.14460795 -0.020726332 0.14734887 -0.08721593 0.22171208 -0.051791627 0.06668625 -0.23776284 -0.37043422 -0.18978386 0.08452189 -0.3523546 -0.075976074 0.2123595 0.22264321 -0.03177446 0.08888677 0.04348282 -0.22906917 -0.38430184 -0.12125845 -0.12240234 0.12230907 -0.123596095 0.12343255 -0.059413243 0.14520732 -0.00114247 0.048414934 -0.14167961 -0.012955015 0.013637499 -0.24437262 0.013874091 -0.11388065 0.018013116 0.04844578 -0.03720628 -0.050619077 -0.049487937 -0.22754249 -0.023993151 0.11575571 -0.07427299 0.09211939 -0.13311417 -0.09801391 0.0075014173 0.17558962 0.12402888 -0.10385816 -0.14611657 -0.19273947 0.021369906 0.17467277 0.031811688 -0.1328773 -0.13163704 0.4656207 -0.018421976 -0.19247025 -0.03708965 0.09220204 -0.15821645 -0.2037307 0.016081078 -0.043404408 -0.16718815 -0.2463093 -0.095002905 -0.20818831 -0.016917739 -0.031618845 -0.022986753 0.078594014 0.19723235 0.006277474 0.06709951 0.14813824 -0.0812937 0.029265158 -0.1157231 -0.2027987 0.028951002 -0.07912635 -0.3440542 -0.10478484 0.073250845
OMN 0.13458887 0.12409203 0.36158174 -0.20904753 -0.15301467 -0.23961502 -0.27544066 0.090133995 0.18768142 0.059191726 0.23613094 0.106282584 0.042708937 -0.08170248 -0.08571645 0.047277287 -0.029241927 0.074673764 0.07080813 0.31256327 0.08949888 -0.053770393 0.05342888 -0.06975203 -0.33959454 0.35746866 -0.21414094 -0.004791539 0.13923077 0.013603972 -0.18862657 0.10866393 -0.31528443 0.13779637 0.15695886 0.05157794 0.1668919 0.08787208 0.13983506 -0.008538274 -0.14705619 0.073679864 0.070051 -0.091759235 0.2778129 -0.08353672 0.07574749 -0.24370617 -0.26424766 -0.11187341 0.11804891 -0.30250093 0.0073203584 0.1745705 0.21092156 0.05470163 0.03239121 0.091250695 -0.21371117 -0.24647519 -0.09653678 -0.09162996 0.09423955 -0.041745655 0.16321518 -0.04094482 0.09484075 -0.025238266 0.1282031 -0.23123862 -0.0012254359 0.007460271 -0.19099608 -0.037676606 -0.0989582 0.02087505 0.0941557 -0.009468442 0.01572829 0.07191246 -0.23782209 -0.08278255 0.20408003 -0.055487715 0.04055374 -0.13355231 -0.0713837 0.011940702 0.17519064 0.06589169 -0.11886052 -0.10109611 -0.19979542 0.061769865 0.13976477 0.032485165 -0.1449519 -0.057055432 0.4224182 -0.025379283 -0.2513671 -0.06100775 0.05167209 -0.07983297 -0.20316994 0.090004094 -0.017868094 -0.1247046 -0.22371814 -0.109193 -0.14090358 0.003651876 0.019554568 -0.0051393867 0.03366716 0.08482149 -0.019116579 0.08894277 0.13300595 0.04183314 0.053479645 -0.14152333 -0.1621659 -0.028430311 -0.103426285 -0.294704 -0.051065277 -0.0037471242
BRN 0.14887317 0.14709464 0.37571508 -0.20930012 -0.1719387 -0.22365512 -0.29599038 0.075342104 0.19754423 0.05627064 0.1863462 0.1374239 0.06116867 -0.08898576 -0.094844356 0.07565506 -0.040341593 0.04159324 0.09381063 0.33984762 0.061986882 -0.0646062 0.04560577 -0.08929383 -0.31758907 0.3664816 -0.185772 0.0056984783 0.13684663 0.026327495 -0.15288566 0.09839152 -0.3204169 0.14412454 0.17831118 0.045929775 0.14444155 0.06706336 0.09496459 0.01956629 -0.15752444 0.020171901 0.08502409 -0.06755874 0.303015 -0.08263794 0.081916705 -0.23701943 -0.29902133 -0.14362726 0.10395735 -0.32415053 -0.02957562 0.16511467 0.20259328 0.051849533 0.023654204 0.09150368 -0.20867935 -0.28103134 -0.14066316 -0.09128609 0.11316498 -0.04993093 0.15248196 -0.033065625 0.12151547 -0.033268806 0.1185369 -0.2258597 -0.0025746874 0.018980097 -0.2108284 -0.021384828 -0.09210047 0.03937267 0.09687829 -0.03671578 0.033446323 0.020386873 -0.24451166 -0.065815076 0.19430001 -0.07454266 0.022978501 -0.14876245 -0.10523844 0.04310134 0.1859678 0.045149945 -0.098099165 -0.102736734 -0.18007474 0.0656509 0.13667528 0.05529209 -0.16049224 -0.071626894 0.46728477 -0.020359488 -0.25019813 -0.049086902 0.07606885 -0.10172252 -0.22358651 0.09692202 -0.0072728577 -0.15591413 -0.24876826 -0.100431405 -0.16983344 -0.005353284 0.0010411631 -0.024531819 0.049576946 0.10776153 0.00088791875 0.07672853 0.11950293 0.016713094 0.07414647 -0.13778733 -0.17161936 -0.018541984 -0.10801245 -0.29497942 -0.061921764 0.018798655
CAN 0.18784854 -0.118603356 0.13661696 -0.039214674 0.20910554 -0.33779338 0.13152038 0.18130045 0.06197038 -0.011908293 0.12536733 -0.11687634 -0.14552596 -0.029201118 0.14996345 0.014923989 0.18087603 0.18017597 -0.03380741 0.06445619 0.36308494 0.261448 0.11203385 -0.03331874 0.01894315 0.017259238 -0.15001531 0.044648122 0.2239384 0.09200099 -0.26091582 0.12688948 0.06088107 0.28142548 -0.2150104 0.059525672 0.36095375 0.026744269 0.31495076 0.10106042 -0.116954625 0.2641621 0.06957749 -0.038892876 -0.14426975 0.0034878552 -0.06462237 -0.052557934 -0.10923491 -0.011367328 0.07710296 0.002764995 0.14280337 0.18372743 0.18107076 0.092786424 0.20401336 -0.053777456 -0.08488835 -0.13503242 0.13989314 -0.20109873 -0.02179581 -0.033970755 0.25166795 -0.0944673 0.17123476 0.12063341 -0.08253598 0.0019581034 0.07527699 -0.023998119 -0.22432038 -0.103197165 -0.032833084 -0.09292265 -0.102519505 -0.013367176 -0.21551083 0.12568429 -0.029041149 -0.14884906 -0.094619066 0.21631362 0.057916548 0.062791534 0.31963688 -0.23770933 0.09121733 0.4444585 -0.13617387 -0.22373189 -0.17523384 -0.16819407 0.34501743 -0.11467168 -0.23009183 -0.3797234 0.008708723 -0.11513235 -0.11936408 0.034579348 0.015265851 -0.15276802 0.09763571 -0.09457359 -0.06086791 -0.15621397 0.09042595 -0.06083158 0.11732613 -0.06858144 -0.017693473 0.021791818 -0.021229248 0.038863484 -0.044494838 0.084080435 0.15038623 -0.026290368 -0.12907852 -0.11807926 0.041954014 0.118605345 -0.0658109 -0.0743519 -0.18214145 0.14990617
IRQ -0.032590274 -0.03955217 0.3470196 -0.16501002 -0.100489415 -0.1781029 -0.17251414 0.051119737 0.121609144 0.17783675 0.6204927 0.074379526 0.056887202 -0.041272044 -0.045766942 -0.25929436 -0.04920699 0.1717117 -0.038218718 0.11247018 0.06945928 -0.14113171 -0.034870777 0.059109878 -0.4414563 0.24148652 -0.39983204 -0.04604399 0.09080137 -0.07197296 -0.25473672 0.22521333 -0.16681461 -0.02119773 0.18150494 -0.02854673 0.1663995 0.12983118 0.305459 -0.12953365 -0.1279009 0.35644776 -0.24451338 -0.20420119 0.28806615 -0.11087583 -0.015546015 -0.13435319 0.094288774 0.26640165 0.09925545 -0.011813411 0.15844195 0.12847795 0.02988994 0.2006353 -0.12556764 0.12440588 -0.1671457 0.29281968 0.07843419 -0.09046167 0.0082780635 0.27201492 0.2281511 -0.046834577 0.025663033 0.046317343 0.25951076 -0.26762986 -0.052454196 -0.057423208 -0.02854331 -0.25278524 0.030677073 -0.14968027 0.14976521 0.09689094 0.06932999 0.4158247 -0.18733174 -0.2179376 0.23295224 0.2744278 -0.036391206 -0.0399179 0.14345805 -0.08676925 0.13535947 0.037942927 -0.1557649 -0.088921115 -0.22241732 0.057138935 0.13191982 -0.119305685 -0.1211147 -0.11552413 0.107510366 -0.047312036 -0.43832272 -0.103755474 -0.035667755 0.054732878 -0.17177156 0.12451062 0.03538105 -0.058564216 0.056852177 -0.11108667 0.082057804 0.022754574 0.14229606 0.119491234 -0.22375521 -0.12772313 -0.11503364 0.14736503 0.16079669 0.31523377 -0.047793876 -0.14978278 0.087872975 -0.0010702485 -0.1696096 -0.09500488 -0.04668296 -0.19406073
MMR 0.15674521 0.111123346 0.2750295 -0.14267798 -0.11244166 -0.23572588 -0.2054324 0.061164953 0.24121659 0.0033929285 0.09265081 0.11700909 0.085685946 -0.10293339 -0.117675334 0.16304311 -0.00046926778 0.06523207 0.12032676 0.31361336 0.17761464 0.050150517 0.13277952 -0.19269042 -0.23531948 0.35610425 -0.16241448 0.035693955 0.20606175 0.074548304 -0.18430807 0.07158901 -0.2762698 0.19528925 0.09686141 0.081635326 0.11088981 0.026305461 0.084199846 0.06054056 -0.13499682 -0.040689245 0.14155868 -0.08986765 0.2190748 -0.04405213 0.060246836 -0.2237337 -0.35042804 -0.17282094 0.06972623 -0.33843714 -0.094779916 0.19589384 0.17846897 -0.03600139 0.06070528 0.03505152 -0.22366954 -0.35763204 -0.12056021 -0.10950267 0.11147303 -0.12195926 0.10100685 -0.057518635 0.12102818 -0.01726751 0.05196708 -0.13344575 -0.023286639 0.005183478 -0.2352471 0.016519979 -0.09815439 0.010437992 0.06355556 -0.038844045 -0.034667548 -0.03837739 -0.22993621 -0.0126962485 0.13056867 -0.061539736 0.07802108 -0.13723738 -0.11132525 0.0066357167 0.17848167 0.089000195 -0.09623027 -0.14406504 -0.19039923 0.035398945 0.16533847 0.030645313 -0.12764627 -0.12620045 0.43895423 -0.011592436 -0.20987429 -0.040510267 0.100037344 -0.1485612 -0.2124857 0.01859891 -0.035999294 -0.1750861 -0.23744734 -0.08483026 -0.21279642 -0.013421837 -0.0139446035 -0.01841342 0.071134 0.1899285 0.0069781374 0.06497978 0.14379343 -0.08731709 0.03708668 -0.106990695 -0.20415819 0.03377216 -0.085154735 -0.34132555 -0.11273358 0.066291206
AUT 0.18533167 -0.12194149 0.10667919 -0.018970685 0.22526385 -0.29840735 0.13464278 0.1796511 0.019165529 0.01026732 0.06694185 -0.14623003 -0.16580021 -0.03786446 0.16235062 0.020792447 0.17306463 0.15630642 -0.045000594 0.050499428 0.3312062 0.2449719 0.086568534 -0.008235198 0.03802293 -0.05508773 -0.12634084 0.054295573 0.17500566 0.09605176 -0.24047266 0.10766436 0.07643672 0.2592235 -0.24555461 0.022903275 0.3769915 0.019978868 0.32618862 0.09020016 -0.09019917 0.25244334 0.052773617 -0.017716702 -0.18360963 0.022900298 -0.039852854 -0.05991474 -0.11668913 -0.018042572 0.09422154 0.02508173 0.1522298 0.16980387 0.21121627 0.100991294 0.24906933 -0.072884835 -0.07096499 -0.112506986 0.15428334 -0.20367545 -0.02949225 -0.030926567 0.25558254 -0.112665154 0.18518125 0.1338704 -0.08428706 0.021786945 0.09230892 0.013593684 -0.23757406 -0.09805984 -0.049475282 -0.09504423 -0.12593777 -0.028474603 -0.23051663 0.13575156 -0.011182049 -0.14309068 -0.10067842 0.20424557 0.057870205 0.09484336 0.3567866 -0.24183385 0.09525904 0.47978285 -0.16436635 -0.26231652 -0.1973728 -0.19089091 0.34515095 -0.1338518 -0.23132692 -0.3719519 -0.025597861 -0.10110725 -0.06719138 0.06912488 0.022093609 -0.1420213 0.11063339 -0.08834778 -0.040843368 -0.16231628 0.10299261 -0.05315333 0.103787795 -0.07026819 -0.02413405 0.017242642 -0.025276907 0.049635194 -0.053159624 0.09746769 0.14097741 -0.010169171 -0.13884665 -0.13206571 0.06512924 0.12958972 -0.052857544 -0.04521353 -0.18456352 0.1690813
CHN 0.15825126 -0.10892198 0.11882883 -0.038095605 0.17953442 -0.2932469 0.11908916 0.15113516 0.052051097 -0.005057741 0.14214283 -0.10899145 -0.12970504 -0.0340562 0.13968927 -0.009715092 0.1563012 0.16403985 -0.030661985 0.050778512 0.31626007 0.20911784 0.08231669 -0.021217441 -0.015105466 0.02325934 -0.15820211 0.036237955 0.1965059 0.06912593 -0.22811612 0.12136511 0.051052902 0.22432418 -0.1821425 0.046982445 0.31348908 0.03387499 0.28772247 0.07907142 -0.09909478 0.25290293 0.03492702 -0.041875668 -0.11728965 0.0020392856 -0.049893785 -0.047326412 -0.09499352 0.012668659 0.07755357 -0.0009525394 0.13561852 0.16483463 0.16664909 0.09599128 0.17088588 -0.043102227 -0.09027292 -0.09227904 0.13373141 -0.17632447 -0.02930933 -0.0083816545 0.2382748 -0.09148571 0.15106991 0.10055032 -0.05254525 -0.015407657 0.054848265 -0.024442438 -0.19309407 -0.101043314 -0.023999967 -0.08733868 -0.07823687 0.008003033 -0.18063726 0.13709094 -0.033836342 -0.13803136 -0.07097589 0.19405156 0.05282943 0.06375213 0.28054103 -0.2174263 0.08295766 0.37951335 -0.13742147 -0.19059618 -0.16860531 -0.13667431 0.30077878 -0.11257053 -0.20057243 -0.3361058 -0.0069109113 -0.098483466 -0.13328058 0.018930955 0.014082735 -0.13237807 0.08405123 -0.083972365 -0.05396503 -0.14670148 0.093498215 -0.06360183 0.11475362 -0.06317187 -0.0006098998 0.027186085 -0.029058708 0.02543846 -0.055510588 0.07702655 0.12818347 0.004639187 -0.10981313 -0.10586207 0.04198617 0.10321123 -0.06644054 -0.063764624 -0.15123375 0.107803516
GIN 0.17521438 -0.10645639 0.14611736 -0.04549436 0.18646184 -0.32471418 0.12415155 0.16545558 0.05138396 -0.005140553 0.14543326 -0.11279534 -0.14534342 -0.03450228 0.15254389 -0.0006474956 0.16601057 0.16046372 -0.030100899 0.049944736 0.328172 0.22812547 0.080013216 -0.0091711655 0.0080791125 0.0073575913 -0.14196488 0.046857912 0.19471104 0.086294904 -0.24017972 0.12255175 0.06377231 0.24871182 -0.18981175 0.05411394 0.34568608 0.037708957 0.30508298 0.0855925 -0.1024797 0.26237836 0.049146347 -0.028675623 -0.13120197 0.002088556 -0.060098533 -0.042533297 -0.09398428 0.004930585 0.07847051 0.0010682688 0.13846755 0.15720175 0.17178114 0.08959125 0.18093993 -0.043883123 -0.08331146 -0.10085417 0.12472108 -0.17785592 -0.025271634 -0.03200552 0.23268509 -0.09530392 0.15002342 0.10404393 -0.07108874 0.0016969116 0.07179692 -0.022295954 -0.2020119 -0.10359461 -0.037301272 -0.08544701 -0.09354511 -0.01281073 -0.19723366 0.121966794 -0.01899803 -0.14374591 -0.08674063 0.20026593 0.050661415 0.059173655 0.30292216 -0.22511505 0.079474166 0.40203255 -0.12972803 -0.1929194 -0.15649098 -0.14696828 0.30855268 -0.11385928 -0.21467005 -0.34482414 -0.011925898 -0.10793263 -0.113042064 0.031768706 0.009878307 -0.13381389 0.10336613 -0.092395835 -0.048989877 -0.13559105 0.0959192 -0.058766205 0.11912709 -0.06837197 -0.017394632 0.009443036 -0.030277912 0.01997425 -0.043521445 0.08457975 0.1193645 -0.0068001566 -0.11451979 -0.11104257 0.044159353 0.10665208 -0.06278414 -0.048901904 -0.15331031 0.13521709
DNK 0.17068055 -0.09639547 0.14287801 -0.03865506 0.18355405 -0.3204072 0.11278492 0.16861089 0.053677697 -0.00474466 0.14935179 -0.09909434 -0.13778016 -0.03491031 0.13600135 0.0037339795 0.15990932 0.15529543 -0.021363907 0.05891127 0.32455352 0.2222353 0.088363975 -0.032428455 -0.005458921 0.017172841 -0.15874119 0.04038751 0.18859865 0.080664486 -0.23336221 0.118118815 0.05221375 0.2558173 -0.18609434 0.05652085 0.3471456 0.042938337 0.31317964 0.0855893 -0.114680685 0.2633551 0.056205362 -0.031624127 -0.12185694 0.00019398294 -0.052177437 -0.050522465 -0.11061018 0.01018269 0.08061795 0.0029888316 0.13276629 0.16873914 0.18787551 0.09286404 0.18799739 -0.05232516 -0.089326695 -0.104295865 0.1290899 -0.18820004 -0.026097536 -0.018806495 0.2412345 -0.09675715 0.16495496 0.10953343 -0.06427411 0.0024012232 0.06215394 -0.015164574 -0.19634347 -0.10584964 -0.038870826 -0.08566988 -0.084911525 -0.0059379786 -0.19527298 0.14033309 -0.0424456 -0.13744642 -0.078235835 0.2055822 0.04787594 0.05635862 0.30426857 -0.22826827 0.09021434 0.39980015 -0.142472 -0.21925831 -0.17012589 -0.1544681 0.318344 -0.11678075 -0.21431349 -0.34811905 0.0071711857 -0.10145812 -0.13737366 0.029696673 0.014901851 -0.13304035 0.07849202 -0.08968329 -0.04421327 -0.15114342 0.082300164 -0.059368033 0.10605884 -0.06405831 -0.020327494 0.021319391 -0.038746342 0.03499746 -0.044898313 0.088547125 0.14293538 0.0029930344 -0.11450082 -0.110278234 0.044844713 0.10334389 -0.068643935 -0.07332538 -0.16298264 0.13081926
BGR 0.19234926 -0.112117134 0.121005796 -0.02651807 0.19664395 -0.3284509 0.13024502 0.16834699 0.045781936 -0.022530429 0.09975184 -0.11170707 -0.14185575 -0.025628652 0.15457863 0.029685639 0.16056299 0.15885748 -0.035415303 0.054453094 0.33912364 0.2447653 0.092574775 -0.034103647 0.03364098 -0.00013814139 -0.12836441 0.05111906 0.20238788 0.09090971 -0.23055544 0.11335315 0.07037871 0.2683753 -0.20571451 0.0520392 0.34726033 0.02982381 0.30292714 0.10295885 -0.09957508 0.24343492 0.07771214 -0.017670706 -0.14607446 0.0048920033 -0.056094214 -0.040638372 -0.119191594 -0.018173968 0.07633947 -0.01336604 0.12844563 0.1637381 0.18461448 0.08704537 0.19968213 -0.05539364 -0.087614976 -0.13122568 0.11273046 -0.17158388 -0.017379338 -0.045010526 0.22452961 -0.08580233 0.16180244 0.110756405 -0.08156962 0.0068828464 0.07326851 -0.015598715 -0.21740401 -0.09426335 -0.03758148 -0.07390942 -0.0980402 -0.0077475887 -0.20022823 0.09688188 -0.02681512 -0.13233757 -0.08731172 0.18662263 0.055886555 0.064873576 0.2926996 -0.22205144 0.080659196 0.4161081 -0.12835307 -0.20920688 -0.1636623 -0.15945423 0.31721097 -0.106191024 -0.20691907 -0.3437817 0.009223144 -0.095879145 -0.101217225 0.040847994 0.010149518 -0.14403637 0.09601252 -0.08982642 -0.05304606 -0.14654315 0.07590178 -0.05589416 0.10320779 -0.06783662 -0.0302401 0.0052718264 -0.016851213 0.035434835 -0.03724261 0.082283564 0.12329323 -0.036099125 -0.11562548 -0.10409597 0.020989709 0.10841585 -0.04945616 -0.06021445 -0.16996431 0.15201615
ITA 0.18045703 -0.0984413 0.125861 -0.03588439 0.19795452 -0.31956545 0.1192046 0.16793087 0.055785842 -0.01776195 0.10832449 -0.116043516 -0.14483824 -0.037238017 0.14396104 0.022110946 0.16348891 0.15143646 -0.03192317 0.065715365 0.3318893 0.2364613 0.10485177 -0.030214045 0.008218541 0.0035570953 -0.13371372 0.04502483 0.19917874 0.085549966 -0.23765905 0.10704145 0.050005868 0.2601329 -0.20654273 0.052554395 0.33656394 0.03856779 0.29672134 0.094413675 -0.098473035 0.23365375 0.07052713 -0.022220042 -0.13341355 0.015696835 -0.040104587 -0.05028209 -0.12021758 -0.011143363 0.07090233 -0.012114637 0.121356696 0.17006615 0.18175162 0.0881127 0.20823266 -0.05714633 -0.0917904 -0.14180745 0.12514907 -0.18705706 -0.013308733 -0.039569788 0.23841475 -0.094868936 0.16021588 0.10310721 -0.07169665 0.004913003 0.07855549 -0.01126707 -0.21596983 -0.08875903 -0.046151455 -0.08121634 -0.101688966 -0.015589752 -0.19850843 0.11295673 -0.026300063 -0.12415073 -0.07844273 0.18076909 0.048922826 0.06698906 0.29064205 -0.21110637 0.08879619 0.41424707 -0.12980571 -0.2231611 -0.17157164 -0.15419166 0.3130942 -0.1129223 -0.21611613 -0.34860435 0.016347105 -0.10409786 -0.10783135 0.047940496 0.013430309 -0.15184028 0.090484105 -0.09450529 -0.052693564 -0.15641268 0.07429704 -0.061654367 0.09871449 -0.065917104 -0.018438585 0.009416757 -0.011371785 0.036928352 -0.04074461 0.079427704 0.13626693 -0.027655184 -0.11734765 -0.117131256 0.02754108 0.11808043 -0.05450823 -0.06636401 -0.16984779 0.1534693
LBN 0.16561554 -0.09467426 0.12899593 -0.04370983 0.17101772 -0.31235012 0.10535548 0.16185437 0.059817504 -0.014464326 0.11750207 -0.1039291 -0.12823893 -0.033705242 0.1261446 0.02066718 0.15081722 0.15713483 -0.019556725 0.05739666 0.33313757 0.22860625 0.09537319 -0.03793263 0.007276007 0.027870497 -0.14005518 0.042708557 0.20632479 0.08742237 -0.22993545 0.10968022 0.04125821 0.2395404 -0.18430209 0.06009342 0.31212184 0.028543612 0.28211412 0.07963448 -0.09992022 0.22038904 0.054124087 -0.030878441 -0.11349367 -0.0013980682 -0.053130206 -0.053538814 -0.12091662 -0.011765191 0.077459894 -0.014912967 0.11192834 0.16763288 0.16792302 0.081811406 0.1772647 -0.042578995 -0.089098044 -0.12450742 0.1090999 -0.16864783 -0.008167867 -0.040837552 0.22426924 -0.08425946 0.15973766 0.099099614 -0.059312966 -0.008541483 0.052971907 -0.019522019 -0.20971607 -0.09323769 -0.03971512 -0.079557955 -0.07454764 -0.0005596302 -0.18246613 0.10794382 -0.04575869 -0.124238305 -0.07239851 0.17159274 0.060406845 0.043940775 0.27067158 -0.21261181 0.08076599 0.38645434 -0.13300626 -0.19561526 -0.16855407 -0.14727944 0.3097354 -0.09952354 -0.19917193 -0.3340591 0.028521612 -0.098594494 -0.12354599 0.0357157 0.012991728 -0.14462835 0.07569134 -0.084246404 -0.06078702 -0.1494895 0.06293687 -0.05860283 0.09115426 -0.062364116 -0.025174491 0.02279171 -0.019892396 0.042936876 -0.046057317 0.07713591 0.14298591 -0.019620795 -0.11593029 -0.11009377 0.018055722 0.095953576 -0.05713723 -0.07885754 -0.16494414 0.14120299
BEL 0.15450466 -0.10510993 0.14307347 -0.03695941 0.15867011 -0.25908485 0.0689019 0.14606537 0.04158502 0.03658247 0.14464341 -0.09266818 -0.1217688 -0.04573518 0.113624185 -0.020883672 0.1358336 0.13912567 -0.04407387 0.06373045 0.2653799 0.17259547 0.06997057 -0.0028404254 -0.035459526 -0.0029759079 -0.155003 0.033741053 0.150716 0.06929227 -0.23211884 0.12768388 0.026660629 0.21713941 -0.16983742 0.015120713 0.33103144 0.038094025 0.30909136 0.05859227 -0.105528206 0.25022203 0.010798089 -0.040383015 -0.0918994 -7.775784e-05 -0.035017904 -0.0635162 -0.09607727 0.0277029 0.092175305 -0.00014497538 0.13996162 0.15376726 0.17798775 0.121114865 0.18159536 -0.041272823 -0.08528708 -0.06635436 0.13315512 -0.1771541 -0.028772613 0.006804747 0.2586439 -0.104276545 0.15675732 0.120849185 -0.03175069 -0.034251772 0.070103355 0.002264374 -0.20757878 -0.12725066 -0.042239998 -0.093682505 -0.075609624 -0.0026846686 -0.17575867 0.17110707 -0.0374449 -0.14445645 -0.04825283 0.20320927 0.041458588 0.075827934 0.3160841 -0.21714778 0.10096531 0.3999825 -0.15818952 -0.23553373 -0.19579501 -0.15542772 0.3087115 -0.12101748 -0.21229996 -0.3324966 0.015813958 -0.095754474 -0.1215853 0.035734612 0.02031269 -0.11045346 0.05844559 -0.05510935 -0.030656634 -0.14822942 0.0900822 -0.060945876 0.08064079 -0.053365827 0.009553092 0.027994074 -0.046458647 0.02149929 -0.06639727 0.11251772 0.1328023 0.030528521 -0.10961472 -0.13671294 0.06419375 0.107061274 -0.07852869 -0.043018218 -0.15321894 0.10454832
MDV 0.15867715 -0.13814056 0.13300684 -0.023444196 0.19879791 -0.29021868 0.10377062 0.16289496 0.030433036 0.024866711 0.13374259 -0.12618048 -0.1537907 -0.04167829 0.15462409 -0.013143707 0.14357878 0.16793741 -0.046567626 0.05452301 0.30505243 0.21239905 0.06569442 0.006531527 -0.019411325 -0.034529895 -0.17790897 0.04247495 0.17718019 0.0674659 -0.26118883 0.13411076 0.06507805 0.23206295 -0.21000105 0.019204983 0.38318172 0.045601707 0.364032 0.076013885 -0.09741819 0.28274935 0.019176245 -0.044704802 -0.14086424 0.02063228 -0.038933363 -0.06825073 -0.0704211 0.032399066 0.09402286 0.03031404 0.16090402 0.16461779 0.19786704 0.13504839 0.2106974 -0.058131088 -0.08978922 -0.060407344 0.16998601 -0.2049373 -0.029620323 0.01651351 0.27545038 -0.10344091 0.18483575 0.14405179 -0.04156489 -0.020567752 0.09166937 -0.001189777 -0.22278602 -0.14189717 -0.03451022 -0.10000432 -0.10484678 -0.006774135 -0.20615783 0.18953289 -0.025797527 -0.16094552 -0.07021703 0.23350815 0.0406072 0.09146504 0.3613524 -0.24418558 0.11376044 0.46226156 -0.17719986 -0.2646195 -0.21837679 -0.18450908 0.3473671 -0.14673139 -0.23451623 -0.3605009 -0.021405313 -0.1022258 -0.10573697 0.05817488 0.01635008 -0.12773818 0.08263258 -0.060756806 -0.023245469 -0.15451871 0.12717098 -0.058598273 0.11386448 -0.06372917 0.008887642 0.029240362 -0.06227507 0.02077018 -0.082805686 0.11332439 0.15018678 0.04063676 -0.13629752 -0.13020474 0.07944171 0.12523742 -0.07911701 -0.028483786 -0.17911415 0.12345485
NLD 0.18820457 -0.10988136 0.118418925 -0.026404362 0.19212556 -0.28873214 0.10250325 0.16089542 0.04256205 0.0034525984 0.055202547 -0.12353274 -0.14047946 -0.0446132 0.14488271 0.039190844 0.14618194 0.14164889 -0.026855212 0.0679576 0.3110555 0.21610112 0.090670735 -0.012971786 0.027699007 -0.03065947 -0.11543564 0.046556115 0.17409271 0.09317732 -0.22142832 0.10659641 0.05150696 0.26175687 -0.21775377 0.03501851 0.36156663 0.02779247 0.30959305 0.09343633 -0.09799901 0.23273282 0.06769843 -0.013612391 -0.15751053 0.023735922 -0.029568179 -0.057565667 -0.12586108 -0.026511379 0.0836729 -0.017867347 0.12580411 0.16603468 0.20298249 0.08632483 0.22017273 -0.05620805 -0.07624242 -0.1390895 0.12249751 -0.189941 -0.028238086 -0.036296062 0.24917589 -0.09826395 0.18067853 0.12139812 -0.07316113 0.00910537 0.08209183 0.0039329506 -0.233842 -0.100144416 -0.043640733 -0.07258661 -0.11167745 -0.033283383 -0.2155962 0.11288269 -0.021839604 -0.13568205 -0.09062581 0.18608195 0.048625916 0.08039962 0.3175468 -0.22222684 0.09407491 0.4504273 -0.1555362 -0.24906997 -0.17857601 -0.1775349 0.3239171 -0.11730268 -0.22682253 -0.3563814 0.015994053 -0.10145641 -0.07447268 0.06741492 0.03558826 -0.15162669 0.08943904 -0.07999146 -0.04097991 -0.15657182 0.08021068 -0.05652475 0.07746857 -0.07233168 -0.01527853 0.000946928 -0.0040650326 0.05130797 -0.050566908 0.092757724 0.13769075 -0.028879521 -0.12202701 -0.12645689 0.042308465 0.12006524 -0.059646998 -0.04832426 -0.17770208 0.1565613
