64 128
MEX -0.13868226 -0.2443108 0.12156152 0.27970234 -0.039099697 0.08089836 -0.011060715 0.15123038 -0.32553464 -0.048443638 0.2050902 -0.3058307 -0.26366487 0.1091161 0.22119965 -0.049363937 0.3229379 0.04630211 -0.08024929 -0.0154612865 0.107584156 0.37968972 0.020896552 -0.24074784 -0.08724095 -0.19143516 -0.039806023 0.24649355 -0.137595 -0.306299 -0.25033942 -0.2564726 0.10615683 -0.06167204 -0.09465271 0.030526418 0.16020027 -0.17754634 -0.027096642 -0.16555512 -0.2095518 -0.16604346 -0.03152898 -0.21184081 0.13540749 0.027366808 -0.034029845 -0.08944996 -0.019287013 0.2838666 0.066178285 0.18211994 0.18994628 0.04485036 0.14138192 -0.0020230818 0.22876547 -0.17642024 -0.10167205 0.17058204 0.11564909 -0.052711032 0.0644518 -0.11736666 0.045618623 0.16190334 0.1110125 0.14077456 -0.17150383 0.007163178 0.17083101 0.1387621 -0.19102931 -0.07030775 0.13215263 -0.11787596 -0.15556106 -0.038769986 -0.03797385 0.14170952 -0.083239734 0.15947168 0.12021342 0.23449613 0.0891634 0.11513976 0.30801427 -0.14867465 0.07311155 0.13385038 -0.03228687 -0.21689944 0.09342808 0.15499115 0.21356507 0.31561387 -0.20151189 -0.11249591 -0.051285572 0.04806717 -0.0735673 0.00080981356 -0.011115608 -0.009947799 0.08496404 0.03738104 0.08050815 0.060488194 0.011108473 -0.14864212 -0.04789264 -0.0136719225 0.020284208 0.06858034 0.030004352 0.093840085 0.115953915 0.13663568 -0.11481046 0.032197583 0.060158007 0.022984361 -0.042615104 -0.027991645 0.1501743 0.08401785 0.026818382 0.21734446
SAU -0.064975254 -0.032910384 0.056826342 0.0045047137 0.0719844 -0.077253744 0.07371854 -0.016716247 -0.09187828 -0.029684134 0.15012209 -0.061547212 -0.14854667 -0.09814464 -0.0053017084 -0.016861001 0.13053656 0.071656734 -0.03408775 0.02641931 0.045112077 0.19675194 0.08345651 -0.091763675 -0.11193804 0.008246268 -0.118173115 0.13992228 0.034766134 -0.07959839 -0.04418671 -0.06197995 -0.09424719 0.018739037 -0.13385226 0.01739302 0.15897477 0.032555666 0.2507236 -0.036422607 -0.011584296 0.027780455 -0.01332208 -0.094451524 0.16628367 0.047220588 0.065145366 -0.13890877 -0.024252694 -0.0039469814 0.21862124 0.08535959 0.17058216 0.201966 -0.020728344 0.12869163 0.2507591 -0.06022251 -0.06577631 0.07613907 0.1964439 -0.1507498 0.14980212 0.08152148 0.18044154 0.0002897277 0.054786753 0.0689637 -0.049317304 -0.08254676 0.114428915 -0.20878541 -0.22822228 -0.06626883 0.03850523 -0.30002806 -0.15748951 -0.005757124 -0.054028675 0.39228272 -0.053808972 -0.052746896 0.111085616 0.2782887 0.14674748 0.12171001 0.20079973 -0.14561051 0.22123927 0.1715705 -0.18876047 -0.21179934 -0.10449225 0.014236536 0.19387272 -0.04088727 -0.10088737 -0.13913018 -0.18141097 -0.118517034 -0.24874423 -0.025838014 -0.13282757 0.050542075 0.06798459 -0.05416804 -0.05791488 -0.2289177 0.038781263 -0.26669702 0.23615623 -0.079110004 0.053900253 0.14307968 0.03529533 -0.06668488 0.13797946 0.069687665 0.1815593 0.04270788 -0.10403359 0.07330008 0.016340243 0.14292306 -0.1260132 -0.25252995 -0.11107473 -0.0771552
IDN -0.13387729 -0.22413257 0.11919068 0.095000036 0.091330595 0.0024228618 0.1373249 0.009838374 -0.09655899 -0.10340114 0.1631335 -0.21443002 -0.32286263 -0.049562775 0.04918924 -0.009993592 0.11979773 0.07085727 -0.0530857 0.07665345 0.21181533 0.22073714 0.08980868 -0.0049800975 -0.17278871 -0.007349834 -0.15402792 0.155365 0.008595404 -0.16593993 -0.1142641 -0.11654384 -0.07621827 -0.023228822 -0.07378177 0.02891452 0.17592159 -0.05759754 0.26230273 -0.068288095 0.018484399 0.1054441 -0.08940877 -0.13081974 0.10732831 0.0927193 0.17058934 -0.12479142 0.0014129679 0.047400277 0.16536835 0.14814964 0.26436976 0.23287591 0.005484074 0.046818636 0.26780844 -0.00050352723 -0.09377061 0.10261986 0.29380706 -0.26081583 0.23373404 0.16438939 0.09756076 0.008394333 -0.004919089 0.10596918 -0.10710251 -0.036423467 0.082926035 -0.19652304 -0.16293578 -0.027226718 0.021685246 -0.23530035 -0.1768266 -0.03264966 -0.08784768 0.3017721 0.087274924 -0.07348853 0.054892488 0.1709723 0.13784653 0.07512129 0.13486235 -0.13987868 0.15122502 0.17058071 -0.08084614 -0.13411506 -0.10294609 -0.04065038 0.12110552 -0.103974946 -0.065954596 -0.043132953 -0.12194259 0.003900656 -0.050709967 0.029807456 -0.08837629 0.009417795 0.013314462 0.039447833 -0.10807893 -0.040535294 0.13935886 -0.20579728 0.11632045 -0.10736019 0.0052516097 0.026918722 0.05267233 -0.0195686 0.12496641 0.034781102 0.12495939 0.02255582 -0.14915621 0.101211496 -0.013046159 0.101003885 -0.08541369 -0.16888314 -0.057150047 -0.08746652
ARE -0.13824841 -0.07099154 0.06384948 0.036225967 0.076339036 -0.047560796 0.096887216 0.03693219 -0.11105207 -0.06863442 0.23546626 -0.13235366 -0.23380826 -0.10144704 -0.038546022 -0.032250635 0.10143444 0.09853662 -0.06256124 0.048344977 0.084508285 0.2138817 0.12219795 -0.08790231 -0.16752394 -0.0172245 -0.17095736 0.13867378 -0.0310137 -0.11712634 -0.03674938 -0.13653994 -0.13924849 0.005784671 -0.08790552 0.027603643 0.19544576 0.024049617 0.30756778 -0.057648037 0.030604424 0.10520913 0.008010197 -0.12505823 0.16200514 0.02489885 0.09560898 -0.1228605 0.04248124 -0.0009496312 0.24883217 0.12562841 0.22502413 0.18716435 -0.060517874 0.14391299 0.29384384 -0.039371103 -0.047616567 0.08565748 0.2258954 -0.19130005 0.15778224 0.13470912 0.19038607 0.021493876 0.025235375 0.091473356 -0.0061093397 -0.0843113 0.09398665 -0.26628226 -0.16811574 -0.053549357 2.5166606e-05 -0.3145508 -0.1041477 0.0013988862 -0.047983453 0.4332728 0.011117435 -0.057631135 0.111711435 0.25124013 0.12844704 0.12937307 0.16931525 -0.108137466 0.17604157 0.112154864 -0.09080248 -0.19260082 -0.15091835 0.0030221317 0.16170062 -0.118549965 -0.07392605 -0.09389953 -0.12544467 -0.09913432 -0.1983006 -0.019785296 -0.15043758 0.092573345 0.06364439 -0.0037518227 -0.079506844 -0.20189038 0.029743107 -0.25210482 0.24776122 -0.07253636 -0.003728978 0.111207224 0.1239665 -0.075393565 0.13921437 -0.009261406 0.20628965 0.018312708 -0.18928508 0.14521687 -0.0020598548 0.029986832 -0.10550038 -0.1989913 -0.07267996 -0.11423559
MYS -0.14997545 -0.1127647 0.043755755 0.034423284 0.045007844 -0.048447765 0.05592676 0.03721756 -0.14022672 -0.03937837 0.20166409 -0.14589465 -0.23966485 -0.03390705 0.026095329 -0.03972338 0.15548046 0.08327872 -0.054490436 0.03167316 0.068872504 0.20986018 0.0889783 -0.08808952 -0.1301806 -0.015345802 -0.12724201 0.12796853 -0.0019625826 -0.15664138 -0.040702652 -0.13236666 -0.09422737 0.016243719 -0.11255335 0.06764989 0.1756078 -0.031701323 0.23925984 -0.09303175 -0.024514552 0.069394186 -0.029178191 -0.15623346 0.20084046 0.0076925373 0.05240054 -0.11461181 0.015913827 0.050596174 0.23622441 0.121727645 0.25597024 0.20194045 -0.013130959 0.14237137 0.2552091 -0.024529548 -0.047885288 0.13280256 0.21615909 -0.1566659 0.16191371 0.10239126 0.15043011 0.06904553 0.03446407 0.077444986 -0.037820913 -0.08554409 0.13679542 -0.21796718 -0.13615593 -0.055324264 0.037158247 -0.23619989 -0.10367308 -0.022931049 -0.0015094918 0.35477915 -0.01621534 -0.06940347 0.081975095 0.24159029 0.103387326 0.082968086 0.1820304 -0.10991224 0.1556405 0.112383984 -0.07972998 -0.15284936 -0.08335072 -0.012231029 0.19745307 -0.026082322 -0.11656523 -0.11867861 -0.13056386 -0.07581498 -0.21354261 0.0097507145 -0.13552275 0.059905306 0.09064374 0.007875606 -0.07531312 -0.15895686 0.02438035 -0.19318211 0.20292532 -0.04804251 0.0059157615 0.0929203 0.061198633 -0.07439243 0.111163735 -0.00081793184 0.14343295 0.009798394 -0.14060926 0.0894312 -0.02802846 0.027734648 -0.07148698 -0.15593565 -0.04372933 -0.07895832
IRN -0.10459887 -0.19316907 0.049680207 0.09560236 0.057080556 -0.0047003417 0.076078385 -0.033682775 -0.08537929 -0.11952241 0.11435655 -0.12380531 -0.26629597 -0.08933358 0.06944099 -0.045759484 0.092347465 0.05420333 -0.0928714 0.041654598 0.11706254 0.2195428 0.044848163 -0.041783396 -0.08227343 -0.059993543 -0.15669677 0.1320668 0.03896616 -0.17406979 -0.117311664 -0.045434013 -0.048505615 -0.06229451 -0.01511686 -0.035210468 0.1317875 0.015942954 0.25965557 0.01701109 0.08646379 0.02710574 0.0006340871 -0.06765647 0.0040744552 0.04362712 0.17154709 -0.14329283 0.04210096 0.068175964 0.21978343 0.13972385 0.20571412 0.22033471 0.06810326 0.06407055 0.2972553 -0.1119838 -0.13714181 0.12228745 0.3157988 -0.25222743 0.26826248 0.16750415 0.09763408 0.078373276 0.09228384 0.14447987 -0.089464985 -0.0707462 0.066902556 -0.13703963 -0.19027263 -0.027430844 0.0032019755 -0.2156431 -0.20135792 -0.012270438 -0.14936958 0.28027102 0.071936205 0.01618537 0.13117798 0.19144315 0.13826533 0.13960229 0.21729738 -0.13813637 0.19764774 0.2374801 -0.13861135 -0.21471412 -0.13991106 -0.042492114 0.14592427 -0.05068855 -0.14037497 -0.027775962 -0.14284463 -0.022042427 -0.015592136 0.020614618 -0.08680698 0.063356005 0.03648168 0.025777942 -0.055505417 -0.09869519 0.12541819 -0.29136622 0.17724665 -0.0636525 0.08062574 0.09723294 0.060836542 -0.005779206 0.12187141 0.032221675 0.13212939 0.112898454 -0.11054261 0.114686035 0.019098403 0.112996124 0.0017508668 -0.15133135 -0.03872976 -0.07522664
AUS -0.20034888 -0.18459567 0.10859415 0.072146155 0.050806776 -0.05996024 0.06989189 0.12189681 -0.102071024 -0.048053652 0.27269536 -0.27519992 -0.33948135 -0.06559136 -0.0076259426 -0.0018969101 0.10121601 0.093398735 -0.05859478 0.10674052 0.12326741 0.15844162 0.12582459 -0.061230663 -0.2221774 0.006142235 -0.20706661 0.12369099 -0.0380134 -0.13408577 -0.0053636474 -0.13935703 -0.16689363 0.023575565 -0.101490766 0.09956033 0.28456685 0.00041808945 0.3547709 -0.13558942 -0.056589045 0.17596582 -0.037926413 -0.23286666 0.2615315 0.051563736 0.0714892 -0.09014016 0.051129244 0.04582727 0.22338153 0.13953745 0.29784298 0.17999841 -0.06472111 0.16664755 0.28381696 0.080724575 0.0053552715 0.10241201 0.18146937 -0.19238605 0.13243312 0.13069506 0.17060788 0.044445008 -0.020394657 0.05135418 -0.022276152 -0.0816476 0.0961539 -0.29690576 -0.081127256 -0.04026565 0.019079128 -0.29115725 -0.0147879245 -0.028147578 0.0019268343 0.38470116 0.054751948 -0.15586038 0.039142564 0.2163465 0.09304896 0.07061201 0.15515773 -0.04716935 0.10987494 0.048780303 -0.0011673566 -0.12133132 -0.10889001 -0.048313107 0.146959 -0.11950865 -0.084775425 -0.114613436 -0.13004218 -0.09169293 -0.22693747 0.02194715 -0.1460655 0.091600396 0.122690864 0.01308976 -0.14226976 -0.14605455 0.006850471 -0.19608708 0.22524509 -0.045820877 -0.018209426 0.044395678 0.1301667 -0.12861067 0.11284099 -0.011787599 0.19759677 -0.036438223 -0.1947319 0.092867605 0.0044699307 -0.03879792 -0.09505513 -0.14445895 -0.018136714 -0.12207812
NOR -0.0062965564 -0.15390892 0.08942729 0.08029401 -0.11844019 -0.05149177 -0.073147826 0.13956934 0.062984884 -0.03916248 0.04429963 -0.1737889 -0.032123294 -0.121168725 0.16691175 0.063302845 0.030654294 0.03735796 -0.05115966 0.06215015 0.10847013 0.0682155 -0.059538893 -0.08225456 -0.14642182 -0.053037923 -0.19964617 0.060251996 -0.0016294426 -0.014888167 -0.20907958 -0.0101529155 -0.073009335 -0.08241512 0.025725836 0.036580987 0.21717928 0.08150868 0.15811485 -0.08667517 -0.13281453 0.0521402 -0.04363 -0.08488808 0.1198864 0.12795286 -0.061520964 -0.054010782 0.07326592 0.23158933 0.07113581 0.07877836 0.18841542 -0.038391702 0.046189614 0.09574462 0.24460281 0.10589874 -0.044394482 0.07558358 -0.060680497 -0.08747832 -0.027428275 -0.046122886 0.036201272 -0.007297883 0.03294477 0.0030614054 -0.06899125 -0.12953418 -0.049352627 -0.0818515 -0.25133026 -0.09437332 0.024967792 -0.2587021 0.03985152 0.019820131 -0.065261304 0.14134021 0.09822808 -0.1106229 0.20480138 0.36289915 0.17134196 0.14205253 0.3383397 -0.011541561 0.15376176 0.115656115 -0.08755874 -0.22633436 -0.04289297 0.09299028 0.114097625 0.05467753 -0.20767274 -0.21839306 -0.2797298 -0.22357102 -0.24497493 0.026554488 -0.031932883 0.11672911 0.29481202 -0.10200221 -0.041095704 -0.07744435 0.0031612688 -0.38269278 0.21540177 0.043274675 0.17658207 0.10039417 0.052878253 -0.14286762 0.002437695 0.1567577 0.1017561 0.0705843 -0.03035044 -0.09833973 0.1534881 0.038300686 0.058750242 -0.011358491 0.01006897 0.037258588
DNK -0.15176737 -0.20392714 0.12231688 0.07873695 -0.078403994 -0.076806426 -0.065653786 0.2649586 0.018010316 -0.01592928 0.23594281 -0.28781602 -0.21533269 -0.14136264 0.09966465 0.07145032 0.05211092 0.10326108 -0.08002772 0.08181245 0.10583026 0.13058278 -0.0007206962 -0.13480294 -0.2479845 -0.073128596 -0.32065752 0.115884155 -0.08798608 -0.08090461 -0.1479003 -0.15402634 -0.15318641 -0.08889531 0.010005707 0.083796516 0.3009564 0.07684155 0.3368335 -0.15939894 -0.13772206 0.15436341 -0.027653025 -0.25650933 0.2380628 0.09112498 -0.08626132 -0.012508862 0.13548227 0.19215348 0.15610978 0.12967046 0.26473978 -0.10560631 -0.065087534 0.19945331 0.30695492 0.17395307 0.07470143 0.08967302 -0.0913598 -0.02720465 -0.0845466 0.023179017 0.12100857 0.014373884 0.012731021 0.009034115 0.047630936 -0.1355541 -0.053207684 -0.18618023 -0.09046774 -0.10369105 -0.040847752 -0.3145328 0.15645343 0.08386064 -0.018447503 0.24940747 0.106581256 -0.18367298 0.15605436 0.3409606 0.11994299 0.12013099 0.2753736 0.0607711 0.06135457 -0.024583196 0.05587961 -0.18273112 -0.12825695 0.03601703 0.04621385 -0.097650714 -0.13658676 -0.22234151 -0.19324371 -0.28348017 -0.25622368 0.006470041 -0.12028443 0.20317878 0.33088255 -0.089456305 -0.09507294 -0.12848586 -0.08731733 -0.2853081 0.29964018 0.08782887 0.051776707 0.072658926 0.14081688 -0.22572906 -0.056021325 0.0068572816 0.18212542 0.018326774 -0.1487097 -0.038465075 0.13624537 -0.1710171 0.03154032 0.07242075 0.033054236 -0.060911946
CHE -0.054179322 -0.19482544 0.08766003 0.13940847 -0.10104556 0.0033267979 -0.051030315 0.1718654 -0.02465818 -0.038979072 0.11253059 -0.23242308 -0.104798354 -0.058973055 0.20869151 0.04385407 0.11657441 0.05114023 -0.07364282 0.046623625 0.10457754 0.17067504 -0.04689531 -0.12690492 -0.16851714 -0.10473927 -0.17971478 0.1044521 -0.063567564 -0.08462264 -0.2535902 -0.10314549 -0.034070782 -0.08490548 -0.014014552 0.036482867 0.22243764 0.029223276 0.12574695 -0.1438658 -0.15657608 0.0185818 -0.022339724 -0.13489537 0.10692386 0.08989458 -0.08233723 -0.05534184 0.07453285 0.2746594 0.07977346 0.09436114 0.20986359 -0.0588646 0.059460577 0.06780788 0.25917006 0.047285732 -0.0452374 0.09176536 -0.05540088 -0.057767812 -0.070507795 -0.09480168 0.026566582 0.033301603 0.032938406 0.030198956 -0.091425605 -0.096104264 -0.013164928 0.013464734 -0.19059478 -0.069994174 0.030884761 -0.1825867 0.035129257 0.035087302 -0.067087464 0.11040588 0.076887496 -0.04658219 0.16242446 0.30235153 0.12528312 0.12653413 0.33727592 -0.02407173 0.09759541 0.09210371 -0.03805335 -0.20871586 -0.02228003 0.092965715 0.11247089 0.10243076 -0.21446367 -0.19660762 -0.20429099 -0.18050344 -0.18219711 0.008954972 -0.01962484 0.09683093 0.2723209 -0.0698922 0.0011647496 0.0074395956 -0.017489776 -0.31102318 0.15645923 0.07237889 0.13462451 0.0853339 0.07029176 -0.093285985 -0.0254779 0.14739636 0.043822993 0.06305827 0.0042703273 -0.0811173 0.11475988 -0.03157731 0.1215402 0.060283337 0.04162444 0.09705367
DEU -0.09764909 -0.16861439 0.049518306 0.1409819 -0.09060828 -0.008530631 -0.01620551 0.14790334 -0.06455511 -0.059173092 0.1406969 -0.2121487 -0.1075141 -0.06075734 0.17034729 -0.0003932371 0.13195157 0.056107342 -0.07997855 0.039051354 0.07885428 0.20165482 -0.02323008 -0.13500772 -0.13232382 -0.1276257 -0.16180089 0.08675554 -0.05744657 -0.12569533 -0.2101368 -0.1010846 -0.044711493 -0.06858851 0.0003260396 0.04864596 0.20320135 0.014506599 0.11754168 -0.12815858 -0.07571071 0.026194973 0.012609305 -0.108911864 0.106999 0.06471091 -0.052918307 -0.075043105 0.08630302 0.26258865 0.11500235 0.117678784 0.21212325 -0.022020327 0.071842216 0.064329594 0.21713634 0.013142136 -0.04078737 0.108973905 0.00524819 -0.0762778 -0.0005995135 -0.05052998 0.035174184 0.060584776 0.049856387 0.06222763 -0.067528404 -0.09848673 0.020918323 -0.016443344 -0.18391879 -0.05336241 0.032780435 -0.17777319 0.028162887 0.009833875 -0.061574467 0.16028515 0.07256112 -0.013953501 0.15537469 0.2838667 0.13427079 0.1479555 0.32592928 -0.028595198 0.102041066 0.08433278 -0.025970511 -0.2052619 -0.03574469 0.080594644 0.14328618 0.119918786 -0.21140555 -0.17548451 -0.18610537 -0.13653025 -0.18530467 0.01718665 -0.034159143 0.109022565 0.24867289 -0.04328953 0.0061751604 -0.013285339 0.0022116492 -0.3175033 0.17695044 0.067165636 0.10718918 0.09513117 0.07048657 -0.08566185 0.044236947 0.10456245 0.039906908 0.06847035 -0.037470553 -0.00935648 0.06621189 -0.04762221 0.1350909 0.032690223 0.04984416 0.08768612
GBR -0.08526856 -0.21664815 0.09476239 0.12755513 -0.12747294 -0.05876924 -0.09563779 0.2144197 -0.034910478 -0.016295593 0.147114 -0.25454077 -0.12345179 -0.06374617 0.18219869 0.0387126 0.10843976 0.060854062 -0.07786596 0.056707192 0.08100631 0.14872327 -0.04366642 -0.15967311 -0.15494813 -0.11830505 -0.21936943 0.10504931 -0.052699585 -0.10452415 -0.19391897 -0.10069703 -0.050498325 -0.06910025 -0.0053796843 0.0627666 0.25375068 0.038221065 0.1694676 -0.13616729 -0.16601592 0.031254563 0.0015528834 -0.18038246 0.16820985 0.07502075 -0.109120235 -0.03995852 0.109031506 0.2597625 0.09825225 0.09423589 0.18641137 -0.097190216 0.044225223 0.12816755 0.22644612 0.074690446 0.0118289655 0.10485452 -0.08651397 -0.013397718 -0.08700981 -0.08518295 0.062974714 0.05882061 0.052031532 0.022175794 -0.034822855 -0.12239813 0.008928285 -0.035133913 -0.16287608 -0.09149057 0.041492973 -0.22505966 0.09435977 0.018856205 -0.017556405 0.14631306 0.053136054 -0.090760104 0.16165276 0.3232029 0.120125726 0.14067014 0.33314705 0.017894771 0.07779806 0.051997826 -0.0008573197 -0.1856384 -0.021306043 0.08263341 0.12511778 0.10506314 -0.22463065 -0.23387785 -0.21343942 -0.20188741 -0.24741693 0.03177539 -0.046961203 0.12164497 0.3060119 -0.07915045 -0.029373877 -0.059397858 -0.057524525 -0.30308172 0.21082506 0.094810806 0.1273267 0.10600269 0.07216649 -0.14974391 -0.013898017 0.11722916 0.069666244 0.039000276 -0.03994348 -0.08435377 0.10974704 -0.090024784 0.11182524 0.08072681 0.04618344 0.069349
CAN -0.07335081 -0.18210725 0.08947945 0.12326723 -0.045179598 -0.042184655 -0.033257924 0.15008684 -0.092841454 -0.022457832 0.14393482 -0.24280564 -0.17843659 -0.060627993 0.13834044 0.013270408 0.15938304 0.07215986 -0.060254388 0.054643452 0.11602024 0.20149285 0.015520615 -0.13604015 -0.13244455 -0.117134616 -0.17596734 0.14004616 -0.046624266 -0.14888705 -0.17555957 -0.11231316 -0.017938152 -0.040358786 -0.036770057 0.03264943 0.21218681 -0.010320293 0.15345606 -0.09529602 -0.1221146 0.014850752 -0.021843256 -0.15919675 0.12145243 0.0691216 -0.03726438 -0.053424753 0.049970556 0.20152405 0.09074804 0.10147522 0.16560438 -0.0038989817 0.03790684 0.093935974 0.2033496 -0.0049873875 -0.031244794 0.11976536 0.014092962 -0.039581943 0.007987255 -0.031210344 0.083879165 0.055889763 0.07482684 0.04526888 -0.057257243 -0.06964444 0.038172413 -0.041202236 -0.17846641 -0.09118716 0.046441115 -0.23170468 -0.041206453 0.001477652 -0.06980611 0.20875956 0.005515616 -0.024022106 0.13436939 0.26630625 0.124515615 0.13463533 0.27736846 -0.044785604 0.095878996 0.10400304 -0.042370368 -0.21508428 -0.01988815 0.07001457 0.12277637 0.08728366 -0.17065412 -0.16876565 -0.15120155 -0.1078593 -0.16236533 0.01605273 -0.05075414 0.06622619 0.1930373 -0.04616307 -0.014817307 -0.040449645 -0.0035587046 -0.2502091 0.12351323 0.019322 0.08555255 0.07144371 0.053853877 -0.076016024 0.044079356 0.08939322 0.05932905 0.04578853 -0.046008803 -0.037743047 0.035889763 -0.03348169 0.06753261 0.03938241 0.014140733 0.052032374
LBY -0.03709045 -0.12913007 0.0396637 0.15207462 -0.02427571 0.028572746 -0.016146718 0.04306085 -0.11361223 -0.039743446 0.05677383 -0.15054134 -0.07700523 -0.012861168 0.1843014 -0.0042508375 0.15873696 -0.0024323813 -0.06499344 -0.0002776527 0.037253767 0.19745024 -0.055410393 -0.13121745 -0.07438024 -0.0804179 -0.041469395 0.12806813 -0.004079304 -0.11732443 -0.20087507 -0.062367577 0.018311014 -0.061242163 -0.074022666 0.022746045 0.10192803 -0.036545523 0.024095649 -0.087281935 -0.12167096 -0.13306633 -0.0026608566 -0.07294387 0.07188755 0.06300983 -0.013702154 -0.10828045 -0.032807656 0.21782123 0.08393268 0.10242607 0.1862358 0.07256938 0.14018226 -0.0013432219 0.23025383 -0.09555935 -0.11441052 0.10129792 0.0833044 -0.09294133 0.06156268 -0.09222108 0.03485769 0.07173894 0.08735365 0.09798121 -0.17592372 -0.056771882 0.10677268 0.081807904 -0.25871742 -0.043526977 0.11553144 -0.14249146 -0.11602268 -0.031583816 -0.030577887 0.10927922 -0.02851627 0.02981915 0.15068488 0.30002922 0.14962691 0.121851586 0.34160498 -0.11004262 0.18110773 0.16705383 -0.12562616 -0.2161248 0.044156887 0.13539231 0.209505 0.2275423 -0.2445595 -0.19682153 -0.22169185 -0.09238201 -0.17619485 -0.008172763 -0.021918103 0.01661886 0.16489086 -0.05537038 0.053269926 -0.04759016 0.04389954 -0.28555828 0.09391585 0.008617377 0.16195779 0.14855675 -0.00848519 -0.0019180595 0.08025675 0.22450818 -0.0029129244 0.07368888 0.071781896 -0.031668477 0.0853757 0.13874038 0.09203854 -0.07609594 -0.001918414 0.1558482
TUR -0.10813449 -0.16449194 0.06740187 0.090034544 0.1328178 0.011725969 0.15135162 -0.08767995 -0.11985864 -0.13787207 0.12282321 -0.103665516 -0.3059708 -0.07280065 0.028390348 -0.04103392 0.12025822 0.05859613 -0.070752114 0.035057954 0.15272433 0.27782458 0.08338193 -0.030027218 -0.08449809 -0.026563182 -0.107222445 0.17047903 0.045849666 -0.19752257 -0.100907765 -0.08947579 -0.030096354 -0.049202308 -0.060422063 -0.034735408 0.08471748 -0.039783992 0.25471675 0.023315031 0.11558647 0.023950446 -0.026976695 -0.05974505 0.0102299815 0.049077895 0.23432013 -0.16269055 -0.023001777 0.011852892 0.22701669 0.16885929 0.22239052 0.29857844 0.05123208 0.030304605 0.3103871 -0.13808544 -0.16430673 0.11238971 0.38611475 -0.2840777 0.3359941 0.20416388 0.11327602 0.055919003 0.07718383 0.16912203 -0.103763096 -0.014472168 0.11040851 -0.15374361 -0.19144957 -0.005590166 0.0077338396 -0.20903036 -0.29004568 -0.018111862 -0.14043908 0.31763414 0.042789776 0.032018106 0.09971683 0.14762671 0.1414021 0.107328795 0.13074923 -0.19823621 0.20419656 0.23857129 -0.1599735 -0.18611233 -0.13785851 -0.042591028 0.13932995 -0.08543882 -0.056891 0.02308829 -0.0782879 0.032604706 0.028068403 0.009392232 -0.10340077 0.019829076 -0.07131724 0.053522125 -0.047467586 -0.09115841 0.15403807 -0.20896189 0.121486306 -0.12031117 -0.0021519598 0.08350654 0.050593358 0.03489566 0.16732031 -0.0061286846 0.13315748 0.09506582 -0.12966408 0.16702984 -0.024760248 0.14659467 -0.059823155 -0.21512549 -0.07367771 -0.108936556
JPN -0.040003285 -0.066663966 0.11077155 -0.015102234 0.13179421 -0.009425979 0.17713554 -0.09918499 0.027747398 -0.1159754 0.08249547 -0.09146117 -0.20057395 -0.15244213 -0.046091136 0.0305088 -0.0010698503 0.06229599 0.00017700251 0.050154317 0.19060662 0.14152685 0.092010535 0.06934732 -0.18754548 0.1104146 -0.13125923 0.10260955 0.069017254 -0.0012623452 -0.062240686 -0.035742894 -0.15801427 -0.02949469 -0.0687585 -0.0030072443 0.12554725 0.038946003 0.29949322 -0.021997726 0.062025733 0.11632975 -0.112888716 -0.020555194 0.117535785 0.12024188 0.20025833 -0.1465938 -0.059140187 -0.067237474 0.16647556 0.11429272 0.2620651 0.29871747 -0.05377976 0.057913963 0.33737105 0.034645826 -0.1373571 0.032921147 0.3103279 -0.31760472 0.28309032 0.21876176 0.13544351 -0.11314943 -0.055900075 0.053289425 -0.07729702 -0.06127538 0.024029883 -0.3132695 -0.2756477 -0.02483299 -0.0347196 -0.33957458 -0.21340267 0.025448527 -0.09665719 0.38650912 0.08374843 -0.118736915 0.12864323 0.26498306 0.21074024 0.08735684 0.12882398 -0.18714239 0.28227666 0.22779973 -0.217098 -0.19937386 -0.19162229 -0.008130215 0.1205261 -0.24110977 -0.030798625 -0.0633121 -0.25662273 -0.09599349 -0.14817819 -0.018946402 -0.16593483 0.035233185 0.0014398855 -0.011074031 -0.14635807 -0.19500415 0.15751193 -0.33012107 0.23349972 -0.1999968 0.025911037 0.08838359 0.038002335 -0.042565368 0.15344949 0.054450236 0.23966266 0.053416546 -0.17105165 0.11993301 0.041563675 0.2602597 -0.22735396 -0.37178156 -0.1710495 -0.17110926
IRQ -0.062261175 -0.21460767 0.1410383 0.065745056 0.09141092 0.0078767 0.13445316 -0.049407065 -0.008600021 -0.15014134 0.07738147 -0.16193694 -0.2681178 -0.101218954 0.0805921 -0.0022608773 0.047306173 0.05269877 -0.034359656 0.033797152 0.21199654 0.1638792 0.051037773 0.04052742 -0.13418938 0.028137527 -0.11497497 0.12370103 0.05517063 -0.084509924 -0.12823476 -0.029060636 -0.073603265 -0.05378714 -0.030641954 -0.018103773 0.12722443 -0.012640008 0.2657955 -0.028501354 0.043899354 0.09567928 -0.13423686 -0.053960945 0.05569435 0.115148425 0.21766777 -0.14518641 -0.025142798 0.043319967 0.13891259 0.1203279 0.22834755 0.26745132 0.04343913 0.008758087 0.2774582 0.009354647 -0.17459552 0.098703556 0.29451084 -0.27930847 0.28947794 0.17539886 0.07623262 -0.024085412 -0.012972219 0.090160415 -0.11687727 -0.049214587 0.030085534 -0.18870895 -0.24526368 -0.04527982 0.0016239603 -0.24606521 -0.22185239 -0.009002964 -0.15192412 0.25589243 0.11442997 -0.0491287 0.1286562 0.19731587 0.18017048 0.07892931 0.15123041 -0.18883224 0.1909293 0.23203279 -0.16425975 -0.17385556 -0.13013239 -0.029613549 0.10607679 -0.11662452 -0.07968849 -0.03789158 -0.17829312 -0.026796853 -0.02454688 0.01237125 -0.070444696 0.022190666 0.004840673 0.011948578 -0.11779593 -0.049319964 0.18369336 -0.2744333 0.11037488 -0.14368023 0.051145334 0.052395668 0.006085003 0.013430565 0.10435789 0.05289863 0.13192227 0.07838547 -0.114043534 0.0761726 0.032743365 0.19344488 -0.081948996 -0.19839391 -0.07837657 -0.10026284
GRC -0.10032951 -0.12634176 0.045068577 0.1305587 0.0010961206 -0.009563973 0.034928054 0.07039684 -0.121179 -0.062071964 0.14896093 -0.14750163 -0.18244675 -0.06639496 0.115102865 -0.02433455 0.13031961 0.05150704 -0.083842374 0.032447293 0.047913313 0.22774623 0.0064833625 -0.115205646 -0.090580106 -0.09493128 -0.1300086 0.1368782 -0.02481284 -0.1486876 -0.15252133 -0.097818755 -0.050012734 -0.073981844 -0.060772087 -0.00037936633 0.17817251 0.010951602 0.20085976 -0.06269908 -0.03503116 -0.013135794 0.035997022 -0.106549025 0.08188741 0.057523917 0.029464621 -0.10400567 0.060626063 0.13875468 0.16724429 0.13550845 0.19852367 0.08094239 0.051335733 0.07645306 0.26407126 -0.09152062 -0.06377148 0.098920636 0.15137532 -0.14272901 0.088489115 0.040009446 0.095367044 0.06536137 0.07155763 0.10338825 -0.07102563 -0.06575871 0.06009748 -0.05502514 -0.16739243 -0.041461047 0.021555569 -0.19388212 -0.09813512 0.019169642 -0.075412184 0.24093682 0.016678434 0.0110795 0.14049056 0.25570023 0.12078285 0.14270383 0.28410405 -0.08781037 0.17438374 0.1493062 -0.095967434 -0.2271686 -0.085434586 0.051832717 0.14685094 0.043296892 -0.14900191 -0.09836415 -0.1410419 -0.084505945 -0.12643354 -0.0025934107 -0.07757321 0.09173359 0.11216448 -0.008388528 0.015237035 -0.100230746 0.01739755 -0.26422817 0.1869003 0.0069000935 0.08098149 0.11842196 0.07989733 -0.047761958 0.08429974 0.08098243 0.09662952 0.06880863 -0.061645757 0.05842389 0.054079667 0.033127256 0.04345079 -0.077207975 0.0022227198 0.011133193
ESP -0.03307004 -0.16175357 0.09684092 0.15835395 -0.00025693642 0.024121312 -0.037830573 0.019208927 -0.15611549 -0.0060819057 0.05473992 -0.17111334 -0.12857826 0.035136096 0.17673649 0.010713155 0.2281291 0.012192012 -0.033874817 -0.0033875962 0.08261584 0.26410785 -0.038666688 -0.1421214 -0.08765857 -0.059678413 -0.034494717 0.19961117 -0.028737398 -0.1774266 -0.20449187 -0.120122135 0.07744617 -0.039785422 -0.1084119 0.027811414 0.07758787 -0.10068274 -0.0036545172 -0.08819135 -0.18588074 -0.17586717 -0.06559533 -0.11849139 0.109681845 0.07854042 -0.0008352044 -0.08737614 -0.121022634 0.20816152 0.05205252 0.13168332 0.19114216 0.12078664 0.13194124 -0.0021380126 0.22044325 -0.10362747 -0.12066916 0.14136831 0.12203071 -0.07474511 0.10644701 -0.08135276 0.052279245 0.07044849 0.09107751 0.09311971 -0.20736268 -0.015710268 0.15221246 0.09233921 -0.2666678 -0.06983797 0.15176669 -0.15861562 -0.20815176 -0.03952387 -0.020264577 0.1178112 -0.09840934 0.03644986 0.10899125 0.27475095 0.12321631 0.078684114 0.27552897 -0.14374101 0.14650106 0.16691826 -0.15049073 -0.17442729 0.0912485 0.14022985 0.20346214 0.25751847 -0.20462348 -0.18849811 -0.18458815 -0.057275094 -0.16328543 -0.02420636 -0.0076754424 -0.038244862 0.08098936 -0.054453786 0.05426362 -0.024525514 0.04475478 -0.19010705 -0.0020907852 -0.039295413 0.12170525 0.12026516 -0.081544936 0.022804134 0.07287905 0.22253852 -0.056829944 0.053408694 0.10118256 -0.07110212 0.044102196 0.17001274 0.038452987 -0.09036006 -0.042077247 0.17185344
NZL -0.0914848 -0.02789887 0.06341059 0.007652269 0.07416035 -0.07105211 0.10175786 0.05383629 -0.0887657 -0.059919935 0.22009055 -0.12111022 -0.18562278 -0.14149767 -0.0055586975 -0.0036560972 0.086849265 0.07713539 -0.033894904 0.04245481 0.04542851 0.16157123 0.08931649 -0.074357055 -0.13014252 -0.014277321 -0.1425565 0.10864737 -0.0047062407 -0.055490013 -0.036618438 -0.08628909 -0.13095845 -0.008075096 -0.1118923 0.020132268 0.21732973 0.07463201 0.3041586 -0.07657374 0.0047219303 0.086852424 0.006067542 -0.11597051 0.17995061 0.05654685 0.06443024 -0.13279785 0.059761226 0.0038329277 0.20335293 0.100653 0.18616317 0.12512897 -0.061048824 0.14658843 0.27849597 -0.018971486 -0.024377191 0.040499426 0.14459689 -0.13864858 0.0907566 0.08285285 0.19067474 -0.014548167 0.042646844 0.05412394 -0.006901772 -0.0837804 0.06755027 -0.24461664 -0.19372316 -0.059493147 -0.015862731 -0.32514212 -0.09255347 0.027313104 -0.07654117 0.43754366 0.0068152593 -0.068012685 0.124194056 0.2852809 0.1540385 0.15025784 0.19776727 -0.115014784 0.1952285 0.11280485 -0.13518724 -0.23786943 -0.14655323 0.027908355 0.12758581 -0.1109593 -0.083251975 -0.11370861 -0.1689197 -0.14437929 -0.23653942 -0.03409346 -0.15767062 0.108921744 0.12036858 -0.043270025 -0.060632847 -0.22383392 0.009654918 -0.29832375 0.27969357 -0.05472649 0.018006338 0.112564884 0.11413123 -0.10149266 0.11921625 0.019710926 0.21421303 0.047055833 -0.1536932 0.10784332 0.03068343 0.041311778 -0.10412481 -0.19241309 -0.07747705 -0.094795495
PRY 0.062048532 -0.11599544 0.24746104 0.03764656 0.15018785 0.047704503 0.19953397 -0.12684388 0.052792285 -0.15525363 -0.0004411825 -0.15789574 -0.16818675 -0.15816486 0.03159474 0.09206385 -0.02442157 0.036701065 0.06808611 0.034048833 0.28499037 0.120562226 0.03731132 0.10558997 -0.25622648 0.19990918 -0.07279956 0.14847969 0.058581963 0.0910872 -0.16249408 -0.02749301 -0.11707534 -0.071291365 -0.08480775 -0.031299904 0.07472891 0.01546433 0.1807737 -0.067183316 -0.0675082 0.0536402 -0.24228247 0.025727864 0.1650824 0.2184138 0.21427332 -0.15133551 -0.1848559 -0.03846004 0.0058414806 0.08739055 0.24478571 0.26898694 -0.052516006 -0.057057247 0.32698143 0.08258437 -0.17275015 -0.038191456 0.24765064 -0.3052713 0.24815542 0.1354346 0.04471669 -0.2489279 -0.13840407 0.010064627 -0.15454637 0.003394556 -0.02597167 -0.23279673 -0.39386845 -0.044338364 -0.0014800102 -0.3366879 -0.26330164 0.063662454 -0.09891579 0.27157477 0.0702388 -0.1397873 0.17159285 0.30349845 0.26998582 0.036545247 0.13077763 -0.23512179 0.30523196 0.24735163 -0.2913051 -0.17721343 -0.13465811 0.10632634 0.06828176 -0.19380546 0.009330893 -0.11580222 -0.3492856 -0.13329522 -0.16963091 -0.06662694 -0.13088396 -0.048543222 -0.012234869 -0.055782806 -0.13039035 -0.13951539 0.19174954 -0.35167927 0.13304085 -0.26674256 0.069189884 0.08140946 -0.05515965 -0.020939352 0.14638294 0.20868115 0.18140925 0.057323582 -0.059641037 0.034479965 0.105292425 0.44273838 -0.287122 -0.44193465 -0.25386414 -0.05663854
NGA 0.022658866 -0.17421417 0.19320786 0.11931649 0.030344486 -0.0030815515 -0.040197067 -0.03490443 -0.14444612 0.02667595 0.026386198 -0.21163891 -0.15158556 0.07578223 0.14318076 0.06492891 0.20905213 -0.020074386 0.02383144 -0.0085403975 0.11607599 0.1901923 -0.009529731 -0.09969903 -0.117701724 0.06158799 0.013890026 0.19794118 0.015629958 -0.105944194 -0.13402192 -0.08194179 0.07614385 0.019717757 -0.17598289 0.054402966 0.044274297 -0.15958597 -0.043902162 -0.105743594 -0.29271704 -0.19710006 -0.17061897 -0.14773689 0.21432409 0.11339647 0.0039374135 -0.09424538 -0.2578067 0.13490479 0.00770078 0.08568254 0.17774823 0.19314463 0.087456904 -0.0102555305 0.18328844 -0.034179915 -0.123812236 0.12730446 0.11423753 -0.05659845 0.12370797 -0.07744267 0.060243078 -0.010554744 0.060063794 0.036423624 -0.2484534 0.015924785 0.19902556 0.06320934 -0.33265755 -0.101351246 0.22966361 -0.20435293 -0.26207224 -0.07637873 0.03536763 0.12476481 -0.16837326 -0.053200606 0.08241123 0.31556505 0.14978524 0.0049225823 0.21023045 -0.18076923 0.15692265 0.17994098 -0.2147417 -0.13088076 0.15631393 0.15811136 0.2402697 0.26783141 -0.19636609 -0.28206417 -0.2817437 -0.072350085 -0.27296978 -0.026416188 -0.02967166 -0.12182226 0.07304411 -0.10464567 0.021449877 -0.05585483 0.07136363 -0.17349339 -0.05017828 -0.12885882 0.13327876 0.11237212 -0.17716098 0.02889879 0.08993067 0.31878912 -0.05354142 -0.005220142 0.15907352 -0.13594905 0.030778509 0.32376596 -0.076966725 -0.19824503 -0.14889741 0.18637274
DZA 0.13336816 -0.16085623 0.266977 0.03605599 0.09395162 0.033941787 0.1134759 -0.12971748 0.0991659 -0.10553606 -0.103267424 -0.13687985 -0.0719843 -0.11089213 0.12878014 0.13111113 0.010048917 -0.02877219 0.07860765 0.005186122 0.2608975 0.061879437 -0.045002628 0.10756254 -0.19017108 0.20634584 -0.018169437 0.10835011 0.0980455 0.122067295 -0.19698638 0.03450955 -0.045187287 -0.055540726 -0.09603234 -0.0148251625 0.0371732 -0.047382463 0.08845159 -0.070396625 -0.1617103 -0.03712643 -0.29747054 0.033844396 0.1465933 0.23193827 0.14798328 -0.12312368 -0.2554434 0.028955886 -0.05755895 0.047586013 0.20386854 0.24424332 0.03233643 -0.10666594 0.27248475 0.11022869 -0.20277138 0.011927343 0.14877628 -0.23876293 0.19339828 0.053109683 -0.008353835 -0.23126145 -0.10492323 -0.0130774 -0.2289666 -0.0011301041 -0.005611933 -0.100568764 -0.44302484 -0.088840514 0.077213585 -0.27093717 -0.27409542 0.011050538 -0.08116986 0.11083748 0.015708903 -0.14527622 0.1911009 0.36998826 0.26104277 0.016944421 0.1788185 -0.23577453 0.2954512 0.2974316 -0.34261525 -0.17733806 -0.02953677 0.13303696 0.11025194 -0.048963327 -0.06480554 -0.17655392 -0.38771075 -0.1412001 -0.17307025 -0.045103252 -0.06263717 -0.09906573 0.04720522 -0.109576866 -0.093271665 -0.06633705 0.21482064 -0.3212579 0.034769498 -0.22437279 0.1568575 0.07935504 -0.16916548 0.014213146 0.065738864 0.30039558 0.08838227 0.046276916 0.063000694 -0.11740142 0.13640732 0.51026434 -0.23714194 -0.36096323 -0.23194705 0.035661012
USA -0.12105797 -0.21277115 0.115239 0.1461583 0.008853309 0.004780867 0.051134456 0.105957255 -0.14368226 -0.06351276 0.18279584 -0.2624794 -0.25747955 -0.016077291 0.11297809 -0.013553911 0.18055089 0.06732128 -0.054395754 0.059649326 0.16077697 0.25339273 0.057272084 -0.11592079 -0.1658048 -0.09466373 -0.14507112 0.18147138 -0.0689519 -0.20188518 -0.1666173 -0.17171602 -0.02571217 -0.02406875 -0.042494677 0.03332325 0.17765954 -0.059011318 0.1452049 -0.105484486 -0.0743397 0.04604126 -0.053295407 -0.15002905 0.122015774 0.053671025 0.0487072 -0.07543735 0.032515842 0.16335121 0.1212175 0.14174409 0.20457515 0.077874474 0.024362061 0.0557875 0.22731791 -0.023366546 -0.060249988 0.12170345 0.1296439 -0.123604916 0.103262156 0.029080816 0.09165103 0.066485696 0.03557382 0.0748992 -0.082394846 -0.043792106 0.06839242 -0.08892812 -0.15594833 -0.064853095 0.050342698 -0.21122205 -0.09012035 -0.02984603 -0.07804366 0.23967586 0.02613154 0.005499844 0.086703 0.18426391 0.10067304 0.09021889 0.19937848 -0.09260429 0.08285055 0.100290105 -0.023845337 -0.17787696 -0.029010363 0.037068803 0.106295854 0.04529802 -0.12439293 -0.09597505 -0.097037084 -0.023340326 -0.094716854 0.008285413 -0.05576277 0.036497023 0.09706911 0.021016553 -0.048690263 -0.009593509 0.052420627 -0.19081846 0.07715903 -0.034037802 0.020528303 0.026374757 0.06437301 -0.0022186397 0.09483856 0.037139893 0.056576427 0.028728127 -0.084049106 0.048728134 -0.018939162 -0.019088717 0.028931944 -0.014939001 -6.849113e-05 0.011528834
CHN -0.15232725 -0.14547728 0.09805885 0.046276636 0.08191991 -0.035020318 0.11953112 0.031292997 -0.10008124 -0.079692714 0.21203047 -0.18469872 -0.30419448 -0.07883436 -0.009726941 -0.026401319 0.09900822 0.084653415 -0.051883426 0.07247071 0.13325931 0.18113947 0.1352583 -0.026936794 -0.18045206 0.013416456 -0.16561233 0.11895969 -0.00011106141 -0.13093576 -0.01011321 -0.105898604 -0.14184825 0.011054582 -0.10043993 0.043899577 0.21703692 -0.003933535 0.31841004 -0.08154911 0.021799497 0.14083798 -0.046961796 -0.15100978 0.18250051 0.040585782 0.12662086 -0.110917896 0.0295295 0.008441753 0.23952664 0.13131317 0.27417257 0.24542862 -0.05594043 0.13620502 0.28622007 0.026450934 -0.057642236 0.10802263 0.26627105 -0.2408228 0.209931 0.17600305 0.16501966 0.014110846 -0.011933003 0.072710335 -0.04318976 -0.07723409 0.10362166 -0.28689507 -0.13318045 -0.036183976 0.009885772 -0.28151488 -0.10857399 -0.03674524 -0.038222857 0.3983493 0.05782526 -0.102491565 0.06336679 0.21420828 0.11779756 0.09316951 0.15006578 -0.11387205 0.16352038 0.13140897 -0.083167136 -0.15103166 -0.12582146 -0.055860464 0.15133747 -0.13502777 -0.069266014 -0.070990674 -0.14472757 -0.057552114 -0.1758403 0.01221913 -0.13731943 0.06648457 0.05245061 0.018194553 -0.12388218 -0.1413136 0.07832588 -0.23054987 0.21373622 -0.10090318 -0.016197959 0.065197684 0.08724381 -0.07474639 0.14361624 -0.0065887566 0.1978396 0.0041214656 -0.19449182 0.117569126 -0.010305069 0.03687505 -0.12018894 -0.19643487 -0.062658675 -0.14481208
BRA -0.053591415 -0.18717237 0.09788507 0.08627774 0.09952464 0.025105648 0.12086635 -0.06389379 -0.06888278 -0.12310592 0.08022731 -0.12925415 -0.24989316 -0.053139262 0.07815363 -0.009349872 0.12004026 0.032589037 -0.03864902 0.022882493 0.18286414 0.23272316 0.04685285 -0.013487668 -0.105099306 -0.008962339 -0.081339955 0.15518579 0.039517634 -0.1376064 -0.14736967 -0.07452387 -0.005331316 -0.0458334 -0.041192457 -0.026963558 0.056379687 -0.065367736 0.16177757 -0.011909689 0.04770577 0.0063609974 -0.09474282 -0.03789327 0.023449542 0.06980213 0.19166826 -0.12738483 -0.06719815 0.08100735 0.13499345 0.1358917 0.22104627 0.26771018 0.082697935 -0.019757513 0.26724195 -0.06515207 -0.17328745 0.12173067 0.30008176 -0.25347173 0.28552976 0.13350293 0.061991245 0.014981151 0.039523922 0.13233021 -0.16375543 -0.009464009 0.09087633 -0.1097811 -0.24009882 -0.037076037 0.040659174 -0.21586002 -0.2740313 -0.03408862 -0.12827136 0.23455252 0.050409377 -0.006284056 0.105003074 0.20736796 0.17384179 0.09068514 0.17537881 -0.1922954 0.19902785 0.2531449 -0.17719983 -0.17897993 -0.0783647 0.0017602054 0.13833399 -0.021524534 -0.0899418 -0.040138587 -0.14420295 0.010362808 -0.01792967 0.008011177 -0.071110375 -0.017050512 -0.018356076 0.019285928 -0.044617698 -0.021354936 0.15896028 -0.23950766 0.058800243 -0.120009385 0.039258875 0.06903808 -0.01231605 0.042826705 0.13109164 0.08066391 0.07714706 0.08187777 -0.07581965 0.07080662 0.0013919051 0.20552413 -0.04726933 -0.18935616 -0.06675284 -0.036590427
NLD -0.19087704 -0.2748079 0.13448139 0.17065619 -0.077315934 -0.03549268 -0.07181249 0.24996704 -0.15662697 -0.0022528297 0.24447532 -0.3534219 -0.29647776 0.002634149 0.151266 0.027550941 0.19444263 0.08285638 -0.08188637 0.06806507 0.10506617 0.2253371 0.015035112 -0.17896461 -0.1894293 -0.12823379 -0.21372601 0.17925078 -0.11179006 -0.22742257 -0.1601668 -0.20900595 -0.048812527 -0.049218502 -0.05368528 0.09811929 0.27549452 -0.0531018 0.19981134 -0.18571894 -0.1936165 0.033899125 -0.024387192 -0.3019638 0.22851594 0.06389897 -0.073087774 -0.038616855 0.07145883 0.23745197 0.12374939 0.14071544 0.2554398 -0.05870532 0.031210063 0.12673278 0.23816013 0.05521951 0.039447818 0.13633431 -0.0125742145 -0.002797111 -0.042877883 -0.052684885 0.087539725 0.108634055 0.042273853 0.059920333 -0.053001225 -0.090212755 0.08077191 -0.04648752 -0.07784192 -0.085969426 0.055443577 -0.19923647 0.054090016 -0.013626214 0.010281667 0.17695771 0.021714274 -0.07406641 0.08186033 0.23052822 0.07526649 0.08615638 0.250376 0.01790977 -0.005104378 -0.014852196 0.08911187 -0.120456636 0.029021397 0.06327338 0.10575562 0.11427119 -0.16148883 -0.17587584 -0.088085935 -0.12363273 -0.17071073 0.028577046 -0.058393102 0.094207875 0.2360887 -0.031123817 -0.044603717 -0.0012937052 -0.06818691 -0.16244693 0.1262024 0.07338696 0.037421197 0.037430562 0.093642525 -0.121628806 0.0054733627 0.05322034 0.030604849 -0.025757305 -0.052961186 -0.038308933 0.032728996 -0.17744929 0.096767634 0.12461164 0.07222652 0.0563165
CHL 0.016089775 -0.16623946 0.17112285 0.14311726 0.049875457 -0.0030082916 -0.053485405 -0.072100125 -0.24996346 0.059753757 0.023659956 -0.21070138 -0.1961788 0.12843707 0.16031633 0.034936894 0.26281336 -0.038824607 0.022767637 -0.0053283432 0.053180438 0.2146144 -0.013676025 -0.11460971 -0.05724222 0.04859817 0.077688426 0.23249847 0.032007348 -0.15536757 -0.08460612 -0.07976518 0.13193856 0.050214674 -0.23191845 0.053794637 0.035383034 -0.20972134 -0.06896433 -0.07460382 -0.33088642 -0.28690857 -0.16084473 -0.1606588 0.2490686 0.09010151 0.017376397 -0.111163855 -0.3254584 0.11496855 0.023011038 0.097248726 0.17061806 0.26299584 0.1470602 0.017667871 0.16444887 -0.12643187 -0.14346449 0.16696234 0.16845709 -0.054351352 0.18929568 -0.07008855 0.08487327 0.06582131 0.1308161 0.05993149 -0.30463794 0.027210664 0.3063069 0.11664952 -0.35502744 -0.09492669 0.3035206 -0.17876312 -0.3446038 -0.13066883 0.08551031 0.13401355 -0.26025322 -0.0070166816 0.051622327 0.30556434 0.11976676 0.0084639015 0.22761257 -0.21202195 0.1914396 0.22542736 -0.24859928 -0.13411511 0.22797422 0.16533762 0.3306275 0.38894817 -0.2584942 -0.2928736 -0.25594434 -0.012280229 -0.30293432 -0.022814304 -0.026242502 -0.17587298 0.012867837 -0.075884685 0.06140653 -0.094609104 0.059062038 -0.13733768 -0.09067643 -0.15366974 0.13362014 0.1329941 -0.21603942 0.0657158 0.14361365 0.34755173 -0.11236383 -0.004811554 0.21642989 -0.14777139 -0.01535837 0.38440272 -0.088876806 -0.2363129 -0.15831147 0.22906232
PHL -0.19266348 -0.24665198 0.08670481 0.10762321 0.024533588 -0.03222311 0.054744493 0.09996225 -0.10313566 -0.08055035 0.20727225 -0.23836188 -0.31887096 -0.053512618 0.06720066 -0.033091392 0.12986308 0.09652223 -0.09166265 0.080127746 0.13339645 0.21768528 0.08121004 -0.07879725 -0.1529146 -0.062107027 -0.20249943 0.13035102 -0.020440271 -0.194767 -0.092345074 -0.12466752 -0.108483106 -0.019666249 -0.045419097 0.049643528 0.24053596 -0.018621558 0.3108651 -0.08224391 -0.007949725 0.12954974 -0.01725884 -0.19466093 0.14438343 0.03835311 0.08277302 -0.098328516 0.09595763 0.102356754 0.22009674 0.15091385 0.26724738 0.15070027 -0.0068778056 0.13071802 0.26773906 0.01632808 -0.04032768 0.13442083 0.21010408 -0.19382031 0.16662791 0.12307352 0.12503923 0.087747626 0.026075168 0.09497249 -0.0366385 -0.09478065 0.07292101 -0.21077052 -0.10294702 -0.04825602 0.013523151 -0.23604208 -0.057928856 -0.027883084 -0.069410115 0.2942538 0.084943555 -0.07493961 0.08533742 0.2057931 0.10147703 0.09791467 0.2011753 -0.066096306 0.10778475 0.119631544 -0.0050996416 -0.15566799 -0.111584865 -0.052805252 0.14198887 -0.06400671 -0.123716414 -0.07631906 -0.11063139 -0.06674297 -0.10110786 0.027921207 -0.09835959 0.09319359 0.11672473 0.02795929 -0.112784676 -0.07001647 0.05636904 -0.21979007 0.20185813 -0.020225989 0.021968987 0.051801268 0.10311879 -0.08037493 0.083338216 -0.036562018 0.13930649 0.014764472 -0.1687067 0.084496185 0.009722281 -0.05958191 0.0012535696 -0.05022399 0.010306877 -0.096894994
ITA -0.1509925 -0.17248558 0.079290174 0.11820027 0.08603876 0.01935705 0.11055839 0.005354851 -0.18747734 -0.0849344 0.19201839 -0.18614769 -0.29636997 -0.010216454 0.04491539 -0.055502594 0.17006113 0.07123967 -0.066874444 0.038760487 0.13385575 0.27054426 0.079847395 -0.08241338 -0.12194662 -0.0725846 -0.11287282 0.17218347 -0.020107586 -0.21312274 -0.103297554 -0.13286948 -0.029596182 -0.017502503 -0.07071761 0.0069923396 0.1327815 -0.06369304 0.18899651 -0.058605965 0.019606035 0.025763517 -0.03370222 -0.12341649 0.081516095 0.029489014 0.13325197 -0.1338196 0.0056470092 0.0708226 0.19605248 0.16077732 0.21980749 0.22417884 0.03147743 0.049210444 0.25577945 -0.10239363 -0.11118746 0.13390514 0.29466036 -0.21811602 0.233352 0.11400822 0.11023074 0.08405299 0.047478124 0.13722333 -0.0938827 -0.0249341 0.11597889 -0.13186832 -0.15945648 -0.029452484 0.049973324 -0.20273404 -0.20758319 -0.04652991 -0.08570421 0.30773723 0.004669194 0.028529173 0.07964047 0.16374725 0.11350914 0.09266486 0.15549116 -0.15484762 0.1393447 0.16123632 -0.09022742 -0.16589804 -0.071218766 0.0034163557 0.15666051 -0.003547149 -0.09306667 -0.028478421 -0.08108549 0.025671119 -0.05936186 0.0069084927 -0.09745021 0.008589909 -0.012968558 0.05894599 -0.035079326 -0.054553013 0.102247745 -0.18170018 0.0949693 -0.08552363 0.0041909525 0.05361019 0.060282294 0.022773392 0.15435506 0.026962893 0.07620619 0.04684702 -0.091706745 0.12648773 -0.037476845 0.06573654 -0.025384268 -0.114778176 -0.029688077 -0.03136479
BGD -0.051963203 -0.08545934 0.074104406 0.026608868 0.012307092 -0.05532351 0.036582425 0.030756842 -0.0013799623 -0.048289306 0.112195596 -0.11627198 -0.1330043 -0.122954786 0.02845952 0.02946124 0.030616412 0.05899957 -0.04151654 0.058162715 0.074013226 0.0966353 0.031063616 -0.044059493 -0.13298856 -0.00630064 -0.152131 0.080773786 0.012410288 -0.02374604 -0.06547524 -0.033888362 -0.105918184 -0.027213423 -0.055311594 0.021422626 0.18272129 0.065032326 0.24668698 -0.049810447 -0.03465904 0.065609045 -0.018245602 -0.094448686 0.12890068 0.076947734 0.04735474 -0.0936657 0.035337318 0.06080641 0.15007672 0.078535795 0.18385117 0.113030925 -0.02192608 0.118133284 0.25529373 0.021385944 -0.04899984 0.0701627 0.109490946 -0.14635411 0.08347456 0.071022 0.10995433 -0.01222706 0.016673151 0.033052407 -0.049590304 -0.09093309 0.033233758 -0.19177225 -0.20685959 -0.057912923 0.010170584 -0.28876084 -0.05813237 0.005215434 -0.053022843 0.30316404 0.05099423 -0.09623755 0.14427426 0.28676403 0.14231363 0.12052149 0.21596777 -0.07496311 0.19322637 0.12913978 -0.12736017 -0.20139399 -0.10741795 0.023926271 0.1282685 -0.06975124 -0.12797673 -0.13834548 -0.22821382 -0.15441373 -0.2145831 0.0023795075 -0.1036146 0.088178396 0.14190958 -0.048910353 -0.06527085 -0.16712156 0.029517857 -0.31154677 0.23960876 -0.033705205 0.09043183 0.11594237 0.07253059 -0.11543296 0.07877473 0.07048853 0.17151149 0.043799415 -0.10090233 0.028106594 0.07732052 0.09312681 -0.06578761 -0.16523345 -0.062460504 -0.073280156
IND -0.07948061 -0.12079173 0.07004563 0.045491684 0.06566377 -0.0120606925 0.08561763 -0.0067317984 -0.040486727 -0.093410216 0.10220085 -0.115533575 -0.21294463 -0.11325051 0.035999745 -0.0065969327 0.08098585 0.0758889 -0.05460621 0.054483213 0.1439686 0.19912502 0.042425767 -0.03724121 -0.13666707 -0.02814844 -0.16827518 0.13293156 0.015960092 -0.10991007 -0.122859694 -0.07612213 -0.083148964 -0.06013857 -0.02346602 -0.02511166 0.12010473 0.017173093 0.24113075 -0.0147609 0.06415876 0.06425612 -0.035064887 -0.053620692 0.04643456 0.06501214 0.13578014 -0.114251845 0.01608671 0.052218243 0.189812 0.14006335 0.23006947 0.18470299 0.021302082 0.0666485 0.31426427 -0.028320294 -0.1061924 0.09807339 0.23845834 -0.23054226 0.21867217 0.14378254 0.1011631 0.005240993 0.03036352 0.09930836 -0.06169309 -0.058493517 0.031034153 -0.18069641 -0.20937349 -0.0394123 -0.023535477 -0.26756823 -0.16435546 0.011045214 -0.11959861 0.30002773 0.06840406 -0.037510395 0.14286137 0.22993535 0.15908605 0.114548095 0.1964668 -0.119705796 0.19738074 0.18973026 -0.13581085 -0.21108216 -0.15775229 -0.006027318 0.10558446 -0.109614804 -0.08690237 -0.050270155 -0.16964611 -0.07433126 -0.064486876 0.0053511974 -0.10940832 0.068949565 0.06241049 0.004559338 -0.07036111 -0.121386275 0.08993029 -0.2788572 0.19060856 -0.07698755 0.041173078 0.08716769 0.054271128 -0.036270186 0.10369951 0.020038556 0.15497091 0.08211847 -0.13374215 0.08327201 0.04454194 0.1019057 -0.050349317 -0.16348 -0.060942974 -0.08428263
PRT 0.06535026 -0.12449651 0.18996806 0.04254651 0.057190664 -0.006553151 0.02607424 -0.09318306 -0.010315232 -0.019748902 -0.031383026 -0.15727141 -0.10869816 -0.041109923 0.10086499 0.08991566 0.06021183 -0.017037686 0.061859526 -0.00038227224 0.13671476 0.051541775 -0.026779866 0.03563231 -0.121992044 0.157981 -0.003822313 0.11424625 0.07488438 0.04505108 -0.08076 0.020282017 -0.006579985 -0.015624298 -0.14209786 0.030698009 0.05875411 -0.07484281 0.062922135 -0.062448774 -0.22503093 -0.085849464 -0.21778658 -0.07543783 0.19821975 0.17146017 0.07132588 -0.10751512 -0.2410614 0.02407287 -0.0012478603 0.050591044 0.17579284 0.23330611 0.041248776 -0.013487477 0.20647672 0.04596626 -0.1447825 0.061710015 0.14461385 -0.15252846 0.15747681 0.019371677 0.05563766 -0.113222525 -0.017735165 -0.009360294 -0.216006 -0.011581239 0.0917749 -0.07993281 -0.36944672 -0.08656692 0.15619329 -0.25992718 -0.24864142 -0.025153702 -0.0055929637 0.14613818 -0.07784977 -0.11847975 0.11367298 0.31820238 0.19701736 0.014011937 0.16767336 -0.19331415 0.2325303 0.22484784 -0.2828894 -0.12911329 0.04569378 0.12657017 0.1919037 0.07623016 -0.12697707 -0.23124391 -0.3457343 -0.118706524 -0.25691846 -0.046394005 -0.049133435 -0.09911496 0.058510885 -0.11380108 -0.06297286 -0.118425965 0.12868977 -0.25230595 0.039743837 -0.18790834 0.15282048 0.108592264 -0.14741081 -0.0053464184 0.07889265 0.27973485 0.037843682 0.015559957 0.09334505 -0.11674127 0.08834907 0.41350013 -0.19002675 -0.31398478 -0.18574348 0.058032643
CYP 0.07831661 -0.24551758 0.23905101 0.039541412 0.022907807 -0.0091235805 0.09526878 -0.04754688 0.17792228 -0.13142805 -0.06268342 -0.17202269 -0.09616552 -0.17263028 0.1740161 0.101720385 -0.025694381 0.0046678237 0.03479852 0.023983255 0.28203255 0.03853721 -0.05924986 0.12609158 -0.17432936 0.12128868 -0.121376686 0.06548739 0.08997576 0.104308285 -0.23167193 0.08277208 -0.07160572 -0.08599196 0.008058193 -0.0044858973 0.14024523 0.011969301 0.20082305 -0.06367547 -0.084058814 0.10674414 -0.2654818 0.010638328 0.06894451 0.22659211 0.13400327 -0.09671686 -0.09486426 0.11103554 -0.009292564 0.044622805 0.19092052 0.16057937 0.038980767 -0.0796573 0.24429038 0.18024181 -0.19107889 0.062676035 0.101807326 -0.24889235 0.1710482 0.056580547 -0.024579247 -0.17996673 -0.107063085 -0.018398853 -0.1660845 -0.05480538 -0.09324824 -0.16237158 -0.37725323 -0.100739986 0.009297462 -0.2862631 -0.16448557 0.010531117 -0.161579 0.09265872 0.15511881 -0.16000974 0.19879994 0.34279624 0.25085053 0.061363593 0.22390553 -0.1762753 0.2243001 0.28314206 -0.24517907 -0.17128344 -0.0768785 0.0523815 0.06772874 -0.115602486 -0.10751083 -0.15986641 -0.35986203 -0.15402637 -0.11509642 0.0016994487 -0.024083907 -0.0044261776 0.1477259 -0.10901446 -0.14120829 0.005580394 0.22097844 -0.37968838 0.090734296 -0.16126767 0.1737755 0.034946457 -0.099561304 -0.03837879 0.013112626 0.21403743 0.097001 0.07214259 -0.015848195 -0.11920157 0.15316415 0.3503768 -0.12818481 -0.20391645 -0.1239147 -0.029489921
KOR -0.10169692 0.02734107 0.03347403 -0.012986118 0.1260757 -0.07719496 0.13534836 -0.011667439 -0.1391733 -0.050307687 0.22304352 -0.06446355 -0.21861574 -0.11202515 -0.06998601 -0.02945675 0.1371239 0.083095774 -0.03640285 0.03455951 0.03711195 0.22916333 0.120170265 -0.10242154 -0.11467622 -0.02289003 -0.13195589 0.13659225 -0.0022170069 -0.096024334 0.011606564 -0.10220308 -0.11405393 0.03560298 -0.13940728 0.022610655 0.18578565 0.048578203 0.30874047 -0.03418464 0.034246575 0.07444379 0.031693835 -0.10026519 0.15643209 0.015576032 0.10370913 -0.14997576 0.01113029 -0.059677687 0.26846153 0.114929356 0.18186 0.22371207 -0.054655407 0.15189211 0.28691542 -0.100322515 -0.047267977 0.07483387 0.25284058 -0.18676183 0.16612726 0.13058405 0.2195035 0.021986678 0.06484394 0.08815207 -0.024126474 -0.055986684 0.12465331 -0.2628207 -0.17160738 -0.044821642 0.0075656944 -0.32019818 -0.17298523 -0.012911432 -0.07050976 0.49236032 -0.055359427 -0.035164785 0.09680657 0.25961766 0.13411228 0.1318542 0.17283338 -0.15941086 0.23248057 0.14880753 -0.1745287 -0.24176402 -0.13897765 -2.1998625e-05 0.18590084 -0.1101035 -0.066103935 -0.083177075 -0.13729472 -0.09101298 -0.22005017 -0.03860395 -0.17648606 0.07141767 0.023555944 -0.016485523 -0.04710734 -0.2515102 0.026387636 -0.23616634 0.2647313 -0.08876611 -0.018152278 0.12796645 0.09957081 -0.05589924 0.17828266 -0.0096210465 0.2283052 0.04788176 -0.15646917 0.16707033 -0.01592843 0.07204245 -0.14323555 -0.25845534 -0.092146285 -0.124771714
LKA -0.095824 -0.12325803 0.011782883 0.088010915 -0.024239205 -0.047721762 -0.00033073436 0.077163674 -0.10937584 -0.03850427 0.1439625 -0.13482222 -0.14627038 -0.030191638 0.09200388 -0.022464689 0.1573957 0.06731775 -0.087760866 0.039346863 0.061076015 0.22729073 0.019904792 -0.14657323 -0.09039144 -0.10413939 -0.14209083 0.12456798 -0.018540926 -0.1614457 -0.12103601 -0.09912576 -0.03331494 -0.012055869 -0.04501766 0.03344104 0.16645606 -0.001483625 0.16198169 -0.06077792 -0.033099625 0.018101916 0.03952003 -0.11538892 0.10403376 0.014381678 -0.00084994186 -0.07606087 0.051444635 0.16262987 0.17073384 0.108508624 0.20133823 0.068328634 0.052404642 0.115606055 0.21667096 -0.049806662 -0.045897923 0.12606598 0.09426231 -0.08511566 0.071208104 0.0048113116 0.090900816 0.1046308 0.08468523 0.08400883 -0.06024622 -0.08844193 0.09205416 -0.0706179 -0.14490736 -0.055978917 0.05286645 -0.17756246 -0.05059218 -0.014959581 -0.04008385 0.21758051 0.009931778 -0.025216136 0.11081959 0.2596466 0.10822765 0.1409478 0.26944745 -0.06546625 0.12379045 0.11504297 -0.052066974 -0.1937688 -0.042798605 0.030257264 0.1773562 0.07784501 -0.17504808 -0.14687768 -0.1343351 -0.086194634 -0.18643463 0.012728421 -0.07364878 0.07656512 0.15639545 -0.019210089 -0.0052760364 -0.084925175 0.0019383873 -0.24501652 0.17550811 0.025004111 0.06595789 0.097936496 0.058847174 -0.07569358 0.08028528 0.061163917 0.07395149 0.039357174 -0.07582532 0.033951994 0.0096130995 -0.01620863 0.063864045 -0.031847447 0.0107244 0.02413755
SGP -0.124707416 -0.102847725 0.060458377 0.047347564 0.06424662 -0.02798148 0.092756234 0.026550628 -0.0981312 -0.08221896 0.19268267 -0.14678466 -0.23652546 -0.07561254 0.023625428 -0.025374625 0.120106556 0.0755993 -0.061199266 0.0316966 0.09938123 0.22037907 0.08632291 -0.08444486 -0.14866085 -0.04148565 -0.14923032 0.13354713 -0.01545429 -0.13632864 -0.07578034 -0.12879598 -0.09933151 -0.0047401483 -0.0761218 0.02351601 0.16764209 0.0109007405 0.25513944 -0.061375722 0.018956296 0.07742807 -0.018269103 -0.11631819 0.13648966 0.040637765 0.09485827 -0.11615722 0.027612519 0.065337494 0.204434 0.13321534 0.22800554 0.1748885 -0.019811843 0.11479728 0.28704038 -0.03606271 -0.07485506 0.097655766 0.215195 -0.18539098 0.16859396 0.106133536 0.15310188 0.037095323 0.029559188 0.092673555 -0.04926636 -0.080716096 0.09063055 -0.20876294 -0.19011535 -0.051881567 0.005900584 -0.2852608 -0.13431036 -0.0031120165 -0.07089192 0.36599055 0.03363779 -0.03406089 0.1177323 0.24292974 0.12956178 0.12380985 0.19667494 -0.11728505 0.16427469 0.14231165 -0.08978589 -0.20765398 -0.12738243 0.002059781 0.15260002 -0.07691914 -0.09264293 -0.085972555 -0.14424822 -0.08523066 -0.1628754 0.0015739612 -0.13521379 0.07022469 0.089901425 -0.0039699078 -0.076007485 -0.14543931 0.054471977 -0.26568016 0.2129303 -0.06290667 0.0146342395 0.08471325 0.091647245 -0.062478445 0.120536305 0.00044224784 0.1566538 0.03494179 -0.15075533 0.10341214 -0.0034842608 0.046516847 -0.054777365 -0.1381961 -0.052448437 -0.07034526
THA -0.12379212 -0.046470847 0.036927775 0.0095047075 0.08296983 -0.076274365 0.08328202 0.016925933 -0.15732296 -0.030664185 0.21622394 -0.12576132 -0.22333626 -0.059314393 -0.008496091 -0.03421223 0.12996012 0.06759135 -0.040455665 0.010845476 0.014128375 0.18190353 0.10220678 -0.088941164 -0.08315389 -0.006133494 -0.087462895 0.09985622 0.008416884 -0.08931366 0.030030278 -0.09161875 -0.096093394 0.04116045 -0.15735577 0.058687564 0.18270534 -0.008539777 0.26698664 -0.07653774 -0.02250459 0.038081262 -0.012549123 -0.1378547 0.2021423 0.0106944395 0.05719807 -0.13773525 -0.008354611 -0.019843018 0.24194093 0.102201454 0.18442993 0.20988898 -0.038732424 0.15414122 0.22007094 -0.057369273 -0.03538509 0.10722103 0.20345831 -0.13085644 0.15473396 0.08402828 0.19585858 0.056005936 0.06418039 0.07442742 -0.039167278 -0.08011837 0.15191936 -0.22715127 -0.17717798 -0.06067702 0.053796448 -0.2830734 -0.1355626 -0.027682457 -0.01375943 0.41482893 -0.06558324 -0.049810633 0.08220738 0.2602093 0.122232 0.10499529 0.18532367 -0.14221202 0.17973159 0.1299035 -0.13976529 -0.1832497 -0.08931866 -0.00041346217 0.22581097 -0.01568658 -0.119441666 -0.13921322 -0.15718529 -0.09402484 -0.26385742 -0.01681882 -0.15281393 0.052627593 0.07914411 -0.021398582 -0.057589877 -0.21759193 0.019862419 -0.23737074 0.2251516 -0.068841204 0.0033379674 0.122562245 0.059660215 -0.06013802 0.13905293 0.018851792 0.16389655 0.014232842 -0.12776439 0.10454573 -0.037123766 0.063846156 -0.09606955 -0.1977373 -0.06942557 -0.057812452
FRA -0.10060775 -0.1984871 0.07526496 0.18408163 -0.012549384 0.033136826 -0.012520068 0.09426868 -0.1907461 -0.039968714 0.15276739 -0.20128502 -0.203677 -0.0036662559 0.16962554 -0.030518902 0.2361493 0.044835027 -0.08501517 0.025097772 0.06437982 0.2940829 0.00343799 -0.18649797 -0.094769776 -0.14543472 -0.0970618 0.18207636 -0.06595625 -0.2102517 -0.21070738 -0.15210292 0.019060763 -0.052090507 -0.0613028 0.005138302 0.13883136 -0.061198898 0.08460352 -0.08842438 -0.10144887 -0.094531044 0.013715283 -0.12699099 0.08458977 0.033416107 -0.0051568565 -0.0917576 0.008696308 0.21565513 0.12528823 0.13479888 0.17384078 0.034274206 0.100035146 0.03814425 0.23526566 -0.12451093 -0.0737925 0.11720253 0.10462883 -0.07116702 0.053913467 -0.05844396 0.079657 0.11315886 0.0965665 0.12755333 -0.12342869 -0.044994555 0.10773455 0.052693892 -0.18500431 -0.0583976 0.06824851 -0.14649521 -0.12971328 -0.012887259 -0.06724985 0.1661694 -0.025009943 0.081847385 0.12579508 0.2314121 0.10986637 0.13451208 0.298719 -0.10503125 0.11732446 0.13273403 -0.0636251 -0.22443387 -7.2323455e-06 0.0870048 0.16288927 0.17391874 -0.17560813 -0.11171055 -0.08195429 -0.04828562 -0.074475184 -0.007639471 -0.03245016 0.041888192 0.10559445 -0.0005521964 0.047654685 -0.021693246 0.008313359 -0.1994551 0.055264488 0.026368387 0.082367204 0.09643676 0.048176933 0.009409702 0.0773399 0.110843524 -0.0124295745 0.05964849 0.017456625 0.015367575 0.022878826 0.005230154 0.1022461 0.02788647 0.03441999 0.10664507
ROU -0.077219345 -0.14513235 0.036907323 0.06500119 0.07811859 -0.03773881 0.063495934 -0.10495686 -0.047509886 -0.11347734 0.023570571 -0.032578643 -0.22420722 -0.14033063 0.066736184 0.00047080926 0.06914049 0.06423783 -0.05478876 0.058273584 0.103439346 0.22029164 -0.023021935 -0.044264305 -0.039239865 -0.037633765 -0.17438912 0.14742196 0.09646705 -0.14295632 -0.12481305 -0.009725712 -0.053282905 -0.10892028 -0.005860481 -0.072909504 0.09350769 0.03938168 0.3113121 0.08458855 0.08483483 -0.022403976 0.019152714 -0.045273393 -0.0059583434 0.07836677 0.1755734 -0.15158959 0.020697026 0.018976273 0.22850971 0.13159528 0.18028137 0.21413754 0.0799496 0.07883878 0.3242642 -0.13271575 -0.16733064 0.09899945 0.32092175 -0.25729162 0.29566318 0.16684993 0.10865521 0.06607945 0.119936705 0.15710092 -0.055449057 -0.07875443 0.057495385 -0.14359696 -0.24266997 -0.059510875 -0.010101932 -0.2231353 -0.25735733 0.011738693 -0.1510283 0.2569661 0.023884136 0.014017556 0.18486573 0.2567015 0.16959947 0.12678638 0.23606595 -0.15606679 0.28689757 0.29200304 -0.21085878 -0.2724774 -0.1818745 -0.021993572 0.1662169 -0.07601473 -0.12321209 -0.014105042 -0.16557941 -0.07780638 -0.003847033 0.0015881367 -0.10209818 0.051538963 0.006694408 0.018137712 -0.025647448 -0.16541256 0.119441785 -0.28590372 0.20848632 -0.07703538 0.11093149 0.13187923 0.0052071214 -0.02049394 0.101957105 0.028183594 0.15392122 0.1355073 -0.093976945 0.10145808 0.066170484 0.1680658 -0.051293697 -0.17844456 -0.08263494 -0.10602451
FIN 0.009624875 -0.26417977 0.22049007 0.08318743 -0.09523773 -0.060674038 -0.057726707 0.14330652 0.10323234 -0.032475524 0.038890917 -0.2839619 -0.104531065 -0.12988396 0.19953498 0.123965874 0.010416567 0.036335073 0.0019870528 0.054121923 0.18966126 0.03284676 -0.051034216 -0.014777649 -0.19604301 0.010717733 -0.19300467 0.07009815 -0.008890728 0.044227127 -0.20621163 -0.0131202955 -0.085395 -0.067137405 -0.0114981895 0.05209338 0.252557 0.028736109 0.1983289 -0.14877574 -0.22298263 0.08963212 -0.17685242 -0.13451202 0.18688905 0.1982594 -0.045820728 -0.030581973 -0.0021960146 0.21933188 0.0024075764 0.050631147 0.1901274 -0.03044021 0.008456051 0.049140047 0.22468996 0.21189347 -0.03628178 0.0865582 -0.1038622 -0.0743697 -0.05162689 -0.04224509 0.011354284 -0.08344028 -0.04987371 -0.05558303 -0.085795656 -0.09524713 -0.07643812 -0.10132942 -0.2653717 -0.13464619 0.04510123 -0.26773146 0.031209363 0.016295264 -0.057323057 0.08174982 0.10277447 -0.1786131 0.17656955 0.38300642 0.16682802 0.09356997 0.2906414 -0.025606629 0.10845787 0.12194814 -0.10346834 -0.17425938 -0.0044888915 0.079833835 0.06879565 -0.0001710087 -0.17214338 -0.25988227 -0.33371472 -0.23983443 -0.24681967 0.03456578 -0.019194098 0.07063548 0.30331308 -0.13361394 -0.09137759 -0.018984877 0.04204164 -0.34764686 0.14848672 -0.018519042 0.17503352 0.046697695 -0.018158894 -0.1400272 -0.050268017 0.19394422 0.085699506 0.013346937 -0.014293675 -0.18035078 0.16237336 0.113250904 -0.01782127 -0.008340524 -0.050703004 0.032035314
AUT -0.0934413 -0.19378291 0.09251207 0.16811082 -0.08063469 0.008980338 -0.05428776 0.14344814 -0.17466131 -0.012414196 0.13359287 -0.25800642 -0.151963 0.0442502 0.19172938 0.0051932083 0.23396713 0.042725474 -0.064188525 0.026557773 0.094504066 0.2783236 -0.026371112 -0.20673297 -0.124036215 -0.13422395 -0.10625901 0.18099675 -0.077115424 -0.2212454 -0.22646202 -0.17751646 0.04889755 -0.029141828 -0.06536424 0.053200547 0.14820771 -0.10180016 -0.0136972815 -0.15496248 -0.205036 -0.100356646 -0.028463935 -0.17734846 0.14889708 0.052286096 -0.07774476 -0.056149635 -0.014104632 0.29878977 0.062871456 0.13141505 0.2128763 -0.0048104436 0.115625896 0.05564289 0.21924713 -0.055312928 -0.048131514 0.1549904 0.018873533 -0.029535983 -0.0005289464 -0.1271285 0.02311542 0.11408946 0.09432993 0.07735365 -0.14326277 -0.041901127 0.108630076 0.100866854 -0.18834469 -0.066518635 0.116569035 -0.13703415 -0.047945045 -0.03250428 -0.0030394285 0.096358724 -0.04712853 0.020910453 0.12049179 0.28011045 0.10971107 0.10819552 0.30819923 -0.05820674 0.0722976 0.08633196 -0.019749915 -0.18242085 0.09280763 0.13812849 0.18143532 0.2572494 -0.22276412 -0.20024039 -0.15684304 -0.06449165 -0.19016495 0.013981296 -0.018178124 0.018669054 0.20315978 -0.02840618 0.04332862 0.025642434 -0.017184522 -0.20988297 0.045327142 0.04233639 0.09343049 0.08526575 -0.0015097645 -0.028944701 0.050131727 0.16772357 -0.058043085 0.022797342 0.045476094 -0.063022636 0.025991168 -0.01074978 0.13035738 0.06974233 0.035421383 0.18532644
OMN -0.06384359 0.0506716 0.04436197 -0.022918653 0.119509704 -0.06853485 0.12753199 0.004373762 -0.11513031 -0.037310537 0.20842707 -0.052696798 -0.15152721 -0.14913069 -0.07232245 -0.015063725 0.121428244 0.0971919 -0.042207614 0.03867615 0.015737375 0.20725396 0.1290923 -0.10606122 -0.14295165 -0.010946795 -0.12649511 0.12422408 -0.014801517 -0.04996127 -4.793587e-05 -0.09180058 -0.13052937 0.024164945 -0.1530527 0.020901373 0.18943425 0.059046496 0.28661394 -0.049367014 0.017884817 0.05412323 0.019182183 -0.08173963 0.18112636 0.028962448 0.079333305 -0.15050669 0.016365506 -0.075941704 0.249212 0.078016184 0.1588589 0.18550901 -0.08263963 0.14758337 0.29146057 -0.07469208 -0.03686336 0.03867729 0.19426638 -0.16464469 0.12664035 0.109398596 0.23251463 -0.00832958 0.036041 0.05966553 0.0053111375 -0.06992046 0.104850516 -0.27153274 -0.204565 -0.064357355 0.0045969584 -0.36185092 -0.14759459 0.02232316 -0.07579452 0.5031802 -0.053584296 -0.04913004 0.13737261 0.30193806 0.15798455 0.16199124 0.18817365 -0.15378512 0.25940695 0.14668001 -0.19798724 -0.25718436 -0.167658 0.03658735 0.17995577 -0.11067051 -0.05705263 -0.11209653 -0.15956609 -0.13966797 -0.2506722 -0.06272784 -0.1936041 0.09250691 0.048169367 -0.041305967 -0.05426704 -0.28377447 0.0019697598 -0.29399464 0.2826427 -0.088095784 0.011799416 0.1504722 0.12415474 -0.076910935 0.18015559 0.024982616 0.2504105 0.046067227 -0.16269109 0.15796275 -0.00042530237 0.100517854 -0.15536128 -0.26880077 -0.10571861 -0.11037105
KWT -0.15749107 -0.20450571 0.10169072 0.0853199 -0.03894014 -0.07120603 -0.015012703 0.17956689 -0.072716005 -0.03065845 0.24134687 -0.25571507 -0.25120845 -0.0833748 0.09069512 0.027788306 0.10565323 0.08542817 -0.063740425 0.04686278 0.07297267 0.16742757 0.043581214 -0.12856299 -0.18074949 -0.05119074 -0.23053701 0.11966431 -0.051112883 -0.10821001 -0.08823856 -0.14587028 -0.119645454 -0.031693757 -0.06418329 0.074227005 0.28762847 0.032379083 0.3207165 -0.14155635 -0.1124506 0.101448 -0.019569619 -0.24501061 0.24924922 0.05804514 -0.039955366 -0.07726071 0.09324534 0.11396039 0.18274702 0.097470224 0.23570651 0.011226723 -0.039743897 0.17779347 0.25647983 0.07832573 0.034564666 0.09938512 0.027043195 -0.05064179 -0.0012501993 0.029668685 0.13005339 0.041314192 0.01747468 0.039106548 0.017494736 -0.12957585 0.045141917 -0.18335675 -0.10298052 -0.078133844 0.0031437643 -0.27401185 0.05217828 0.036397353 -0.016161382 0.27662453 0.039046846 -0.13024119 0.1134543 0.2823753 0.114165924 0.109890915 0.22899723 -0.0037550943 0.07333904 0.013258019 0.013006701 -0.16261195 -0.09551415 0.017493114 0.11895831 -0.047841985 -0.12284482 -0.17769356 -0.16336082 -0.19642033 -0.24230593 0.0029943322 -0.11583485 0.14824651 0.23512228 -0.064641505 -0.09173129 -0.13354264 -0.044759277 -0.26255187 0.26825064 0.03934673 0.028116839 0.08231825 0.122151524 -0.15643992 0.02952689 0.0068280227 0.14847718 0.000760814 -0.14538173 0.023448523 0.044589523 -0.10828732 -0.0030296491 -0.0061498256 0.014696791 -0.058866914
VEN -0.036594458 -0.22272818 0.1648431 0.20556371 -0.014472681 0.01588556 -0.08963817 0.027004048 -0.26160964 0.047804993 0.05350515 -0.2703893 -0.18907893 0.14138885 0.18626186 0.02095091 0.2912043 -0.021158716 -0.011767901 0.0036912058 0.088453874 0.26185307 -0.016221607 -0.18766892 -0.075134255 -0.04155938 0.02040871 0.2522208 -0.04282693 -0.22875589 -0.17268275 -0.15880197 0.14148003 0.006348135 -0.16017541 0.050140355 0.052249387 -0.21670021 -0.110567465 -0.11678788 -0.32347348 -0.257628 -0.11883085 -0.18972774 0.20643097 0.08670338 -0.051662955 -0.05803766 -0.23991069 0.23509318 0.0061522615 0.13080096 0.17441139 0.14071415 0.1525113 -0.0006234639 0.15652019 -0.11729203 -0.09749451 0.19090605 0.08559987 -0.012424851 0.09944117 -0.1367215 0.022793135 0.09655556 0.11840565 0.07881105 -0.27630353 0.040333334 0.25137144 0.17024137 -0.2852435 -0.10172034 0.27250233 -0.13223125 -0.24533539 -0.112674 0.073009074 0.05706143 -0.21496536 0.030471066 0.070812926 0.2890694 0.10435511 0.021745577 0.264018 -0.13945581 0.10286234 0.1557694 -0.15003783 -0.11987727 0.23770249 0.17654563 0.27407613 0.41917628 -0.24667154 -0.26667693 -0.2087567 -0.008811669 -0.24234438 -0.00019651794 0.015990993 -0.13392393 0.08090003 -0.062318854 0.08843846 0.0060980543 0.025145164 -0.11306976 -0.11687405 -0.064716056 0.11845679 0.09462577 -0.17567629 0.056704205 0.10371514 0.31818008 -0.15669128 -0.01926428 0.20661706 -0.15326105 -0.00035903498 0.23566787 0.023820415 -0.07125332 -0.07906068 0.2598522
SUN 0.059724968 -0.26765117 0.2420367 0.053656142 -0.05765871 -0.025517173 0.014542869 0.060897052 0.20538644 -0.10506448 -0.047366112 -0.21565987 -0.062063042 -0.18903215 0.19673708 0.14662857 -0.05192443 0.005086207 0.02349151 0.044399478 0.2549501 -0.018053424 -0.0832944 0.089786105 -0.18974912 0.09308439 -0.17499657 0.031375207 0.048039585 0.13493879 -0.22863977 0.064415835 -0.10990641 -0.10301046 0.026440728 0.026595768 0.2082361 0.04451424 0.22385639 -0.11074265 -0.16560937 0.123584576 -0.25225058 -0.045952033 0.15183987 0.24693769 0.04968164 -0.063933104 -0.043225817 0.16163184 -0.028159829 0.039269257 0.18100886 0.037599035 0.014974988 -0.025353843 0.24840559 0.2510968 -0.12371892 0.05214216 -0.045508992 -0.17396143 0.048609756 -0.0019592592 -0.02930626 -0.18315352 -0.10815228 -0.063883 -0.117733546 -0.08568624 -0.1386083 -0.14796092 -0.35339755 -0.121717796 0.002264848 -0.30160785 -0.029117884 0.044072293 -0.109609045 0.070647575 0.16314283 -0.19625781 0.22509637 0.38152605 0.23065738 0.07534632 0.24595688 -0.08094201 0.17679651 0.1966393 -0.16743197 -0.17767115 -0.05884158 0.06751026 0.03436561 -0.08397675 -0.13418171 -0.21888004 -0.39799535 -0.22938967 -0.1895389 0.021354789 -0.021268884 0.047242537 0.2658514 -0.14746308 -0.14346786 0.004838555 0.13535321 -0.41259804 0.13553996 -0.0861895 0.20096813 0.04317332 -0.06463648 -0.11741226 -0.05232374 0.22188085 0.10236147 0.04481044 -0.0077383486 -0.18273449 0.19040522 0.24617216 -0.07265341 -0.09733813 -0.09109924 0.0001245035
BEL -0.08454607 -0.26639536 0.17947528 0.25229844 -0.029494451 0.08641439 -0.032982282 0.11795609 -0.25680095 -0.025212457 0.13391979 -0.32927656 -0.23976968 0.092261136 0.2463028 0.008460373 0.311279 0.04689308 -0.032362018 0.002401088 0.17051196 0.36150903 -0.02467835 -0.22143877 -0.14824124 -0.14860944 -0.06514871 0.26562297 -0.11737265 -0.2847565 -0.29774904 -0.2568958 0.10685025 -0.058787733 -0.064229205 0.035766173 0.10117381 -0.18428616 -0.072854236 -0.15467809 -0.24511749 -0.18245275 -0.09141421 -0.18436116 0.14123249 0.06461185 -0.03831195 -0.061294645 -0.09811676 0.3067147 0.008349545 0.17530365 0.21591097 0.015935691 0.14346488 -0.02364022 0.22787662 -0.09350573 -0.107799895 0.15537241 0.060182948 -0.02603037 0.046595328 -0.1308503 0.015759472 0.09924232 0.089837745 0.09901085 -0.20119813 0.024618998 0.12317118 0.16293943 -0.23843049 -0.085834436 0.14503643 -0.12917873 -0.17621426 -0.03213736 -0.01985016 0.0757498 -0.09213579 0.10649414 0.12605603 0.25396982 0.11905527 0.06533052 0.29024503 -0.13469873 0.061935853 0.12566298 -0.045709264 -0.1949667 0.122760095 0.18777749 0.1533597 0.3134069 -0.17801172 -0.13623449 -0.10124608 0.010371884 -0.06552019 -0.012542383 0.004326353 -0.054989375 0.0994719 0.015810577 0.06540425 0.0884238 0.0208846 -0.1277996 -0.10160029 -0.02743797 0.057034787 0.034658127 -0.03953928 0.075888835 0.06423235 0.18028505 -0.13507041 0.02908202 0.10324062 -0.04944139 -0.016281033 0.041217882 0.110682905 0.092956655 0.0036212625 0.23769996
DOM -0.13636924 -0.307455 0.16477124 0.24396735 -0.042583827 0.066620745 -0.04564329 0.16895363 -0.25675535 -0.025205495 0.18086027 -0.34683037 -0.27874938 0.08933011 0.245551 -0.004032823 0.31507927 0.06165875 -0.06840554 0.027854392 0.16159713 0.3704859 -0.0039991247 -0.23015289 -0.16805068 -0.16561992 -0.10964073 0.27282965 -0.11287046 -0.29344803 -0.29082653 -0.25707725 0.06875448 -0.062134143 -0.06450856 0.053602 0.15426521 -0.16267212 0.007923167 -0.17014764 -0.21984234 -0.13315926 -0.06766847 -0.22346541 0.16131824 0.066064656 -0.049920127 -0.06293435 -0.051674157 0.3276559 0.053955328 0.18528399 0.24541506 0.019823954 0.123098515 0.0064894664 0.24603114 -0.08010927 -0.067399606 0.17656113 0.05937232 -0.029798165 0.038756043 -0.118866496 0.038530767 0.12440459 0.07681479 0.116784714 -0.17219397 -0.0057192133 0.1374306 0.12759098 -0.1941372 -0.08949104 0.14120604 -0.14286369 -0.13281572 -0.02490428 -0.023529248 0.11152077 -0.06454306 0.07474224 0.10784082 0.26232332 0.117869675 0.093433075 0.30374566 -0.102448545 0.044130895 0.10373111 -0.007089984 -0.18726411 0.105989195 0.1552385 0.16151041 0.2824608 -0.20107725 -0.16486001 -0.0933169 -0.025197657 -0.10460418 0.0034087447 -0.012547514 -0.015989637 0.145238 0.010143869 0.05218032 0.075801626 0.008119647 -0.14504728 -0.052631043 0.009939766 0.05761622 0.05963811 -0.00045066298 0.033864725 0.06888238 0.16431248 -0.086269096 0.026956214 0.0651671 -0.040357064 -0.016182963 -0.0099752275 0.123890996 0.09247246 0.02131903 0.20714636
ARG 0.06830312 -0.11545673 0.24213256 0.033758614 0.11101768 0.045842193 0.15388235 -0.09831535 0.102432184 -0.13227142 -0.030464798 -0.13690656 -0.110282004 -0.15900725 0.039603624 0.11746809 -0.040389676 0.020540878 0.07767798 0.032339636 0.2691625 0.06994013 0.009190285 0.11105215 -0.25260875 0.20320855 -0.08129946 0.121209845 0.05803146 0.11603836 -0.16896762 -0.016315276 -0.12397064 -0.08430202 -0.06436527 -0.01034904 0.07940123 0.0105002355 0.1527482 -0.07982934 -0.08306251 0.042042002 -0.23293675 0.02279947 0.16176173 0.229335 0.16987774 -0.123235814 -0.16262454 -0.026890377 -0.02659488 0.06798325 0.24004668 0.20946732 -0.042727344 -0.058083825 0.30776453 0.12591934 -0.14677116 -0.044364277 0.17394242 -0.2717672 0.18821602 0.11709575 0.022017505 -0.2557702 -0.14565054 -0.01883889 -0.14540075 -0.012085002 -0.06136171 -0.20655997 -0.38393882 -0.055443652 -0.0047076335 -0.32432258 -0.18941076 0.08013897 -0.07227473 0.21030217 0.07175794 -0.15993209 0.17798418 0.31607395 0.2694816 0.03215198 0.14494428 -0.18286182 0.27813992 0.22321774 -0.27123195 -0.16735995 -0.11070256 0.123022534 0.05608437 -0.18308698 0.0016203742 -0.13833731 -0.3625919 -0.15555944 -0.18026313 -0.050939504 -0.1162888 -0.039349005 0.04289723 -0.07527031 -0.13550512 -0.118863605 0.18120661 -0.356908 0.13549577 -0.23130769 0.08649501 0.076287985 -0.0611323 -0.039928302 0.100757256 0.22193909 0.1662864 0.038484074 -0.041593015 -0.017040083 0.13857138 0.4100123 -0.26912105 -0.39831206 -0.2443313 -0.045108702
SLV -0.082498774 -0.25446066 0.15580046 0.24764507 -0.03024989 0.06651232 -0.06197197 0.11043738 -0.26743552 -0.01074434 0.11912965 -0.30765924 -0.21533501 0.11097106 0.2507688 0.0015877276 0.3138042 0.023738181 -0.04788867 0.0006064995 0.14207783 0.3661833 -0.02662481 -0.22841275 -0.12149365 -0.13911834 -0.057323735 0.2812645 -0.09891909 -0.27505192 -0.28772056 -0.24618752 0.12308602 -0.06023945 -0.09322056 0.036881097 0.0925423 -0.19627598 -0.07109341 -0.1532501 -0.2695664 -0.21559304 -0.08108072 -0.20515232 0.15176383 0.068426184 -0.04725796 -0.0723907 -0.12624933 0.3111471 0.021240082 0.1674529 0.21015665 0.025252357 0.16671015 -0.023876406 0.2250321 -0.12220088 -0.10115405 0.16622493 0.07113944 -0.016827473 0.052814476 -0.15528855 0.021395398 0.12519795 0.11102192 0.11646037 -0.21145704 0.0075968187 0.1666858 0.1747467 -0.2546497 -0.09064993 0.17790306 -0.13872477 -0.18770677 -0.034302104 -0.0100051975 0.07877458 -0.1286524 0.10455553 0.12316449 0.27515543 0.1172653 0.067493595 0.31467137 -0.13029729 0.083981566 0.13606441 -0.07302322 -0.18884106 0.14807199 0.18992652 0.20603849 0.3486155 -0.21660277 -0.18172035 -0.119158596 -0.017148886 -0.11703686 -0.004247389 -0.0022864724 -0.058973365 0.10350986 -0.009941623 0.08409296 0.0681835 0.009839441 -0.12748592 -0.09459222 -0.002919024 0.07618979 0.0662681 -0.068507016 0.06200829 0.08010094 0.21780375 -0.13899694 0.021317022 0.12025051 -0.072269715 -0.016933253 0.07474709 0.11494808 0.061361738 -0.013509213 0.26050925
ISR -0.119547226 -0.29496735 0.14492978 0.27077356 -0.06063076 0.062963806 -0.06305181 0.17543338 -0.2708912 -0.028529802 0.16236399 -0.34625053 -0.23956665 0.100124635 0.27196622 -0.0051322677 0.3275171 0.05159909 -0.06884289 0.009796927 0.14759983 0.37804317 -0.036930997 -0.24873145 -0.13364263 -0.18543513 -0.10142289 0.26317433 -0.13581353 -0.30105296 -0.31652 -0.25952104 0.102035746 -0.077434875 -0.06510577 0.046985533 0.13658239 -0.18014765 -0.053427406 -0.17792578 -0.25691074 -0.16538408 -0.055008154 -0.22285806 0.13964103 0.059300683 -0.07006627 -0.060925376 -0.054465536 0.3628283 0.04057087 0.17839965 0.23095064 -0.028467739 0.14640683 -0.0073712664 0.24008726 -0.10086134 -0.08345101 0.19024839 0.03807475 -0.008344615 0.011214059 -0.16417329 0.020784479 0.15130985 0.09775607 0.11777856 -0.17750126 -0.008115573 0.12758452 0.17085008 -0.21674147 -0.10446816 0.14987262 -0.1300576 -0.1286859 -0.02402842 -0.024572007 0.05927687 -0.082806 0.11037567 0.13635965 0.2733197 0.10833001 0.09812365 0.33412525 -0.103924476 0.046580266 0.09958236 -0.0049522114 -0.21079415 0.12267866 0.18638411 0.17076874 0.34143707 -0.203327 -0.17097084 -0.08120943 -0.020220751 -0.09255427 0.002220496 0.013745515 -0.005098405 0.14737126 -0.0012454707 0.07712646 0.0987078 -0.0028550606 -0.14178537 -0.07243266 0.023726884 0.066642396 0.05620848 -0.018855441 0.04582707 0.048611194 0.16523209 -0.1330248 0.031323373 0.08620948 -0.06894764 -0.0094610695 -0.022373993 0.16889578 0.15865593 0.03483648 0.25516513
MDG -0.11388237 -0.18761295 0.029881133 0.087439485 0.039023854 -0.019217325 0.07515869 0.004443198 -0.0379305 -0.12744118 0.111464344 -0.12179919 -0.24926625 -0.120211184 0.07695186 -0.027737979 0.075586066 0.065337 -0.09481485 0.062455233 0.13816975 0.2218074 0.01662336 -0.040935423 -0.09057333 -0.08214175 -0.19115162 0.11162309 0.04058587 -0.16255492 -0.14801073 -0.04672228 -0.057540473 -0.07886272 0.018588586 -0.02170147 0.13689919 0.036347225 0.2897267 0.020680537 0.1055077 0.0783066 0.024599532 -0.06562715 -0.0035970523 0.06093508 0.15622802 -0.113501504 0.06908174 0.10020458 0.22027655 0.15076214 0.2261709 0.18081617 0.07197717 0.06678865 0.305376 -0.07901241 -0.11779282 0.123509325 0.26828533 -0.24259704 0.24299231 0.15719745 0.09440331 0.069244295 0.079127036 0.14388436 -0.059533697 -0.07926824 0.02044481 -0.14471664 -0.18595123 -0.028241023 -0.030543165 -0.22293049 -0.15695968 0.0030062946 -0.16134948 0.26775992 0.09395158 -0.019463107 0.15265487 0.21845883 0.15932141 0.13998716 0.23516625 -0.1149832 0.20371689 0.20795855 -0.109617025 -0.23408261 -0.16889319 -0.03216252 0.12157787 -0.07592817 -0.12140053 -0.015580828 -0.13391826 -0.048614554 -0.006613555 0.02335697 -0.08081378 0.09395332 0.05419426 0.013749295 -0.04873207 -0.07441214 0.09667117 -0.30089596 0.20038463 -0.04088914 0.08000208 0.101188205 0.073772475 -0.05210089 0.10747412 0.010333889 0.14094017 0.111480266 -0.14607951 0.0969984 0.041825186 0.062001757 0.01884558 -0.10463667 -0.005438072 -0.09279722
MMR -0.19765688 -0.13259616 0.050795984 0.062261757 0.050388794 -0.050225865 0.0952469 0.097917 -0.099205226 -0.06866908 0.26492208 -0.18898082 -0.2805459 -0.09078247 -0.009108081 -0.024285136 0.09067942 0.10208214 -0.08514917 0.091126226 0.093813635 0.18348013 0.12651739 -0.078868516 -0.19000065 -0.030212782 -0.21457456 0.12332748 -0.032950938 -0.14382981 -0.03150337 -0.12668206 -0.16312218 0.0027120423 -0.08170513 0.06001624 0.2691327 0.0356988 0.35072687 -0.10445966 0.024892557 0.16889471 0.014181508 -0.17784715 0.2014927 0.025040649 0.06453707 -0.10282232 0.10671942 0.046233255 0.2654522 0.13717487 0.27741158 0.17016736 -0.057405505 0.16620633 0.29593953 0.027884422 -0.009238679 0.10763224 0.20338884 -0.20351459 0.13762341 0.14385228 0.16171005 0.05185244 -0.012920844 0.07383847 0.0011195568 -0.09528907 0.07716368 -0.28951854 -0.082366094 -0.039316643 -0.01147116 -0.28176555 -0.01009637 -0.0053661605 -0.027537748 0.4030358 0.08563467 -0.10638884 0.07606284 0.21085235 0.11345749 0.10801064 0.17879249 -0.052156776 0.12936269 0.078115486 -0.020988822 -0.15364209 -0.15367323 -0.05709423 0.14142378 -0.14144322 -0.072563685 -0.07306074 -0.11524979 -0.095133394 -0.17852189 0.018360004 -0.15241563 0.122887954 0.108955145 0.022302642 -0.124795556 -0.15317105 0.020766085 -0.229133 0.2748321 -0.025257621 -0.014098985 0.07117012 0.14808823 -0.12630618 0.10943715 -0.046855796 0.21181661 -0.007559687 -0.2213575 0.13958786 0.012867701 -0.06547669 -0.06612835 -0.12929797 -0.010210254 -0.14786258
JAM -0.116129264 -0.26967418 0.14225756 0.2571519 -0.05506143 0.067283235 -0.06834387 0.16355948 -0.25739458 -0.011117769 0.14798875 -0.33283427 -0.23052458 0.09374736 0.25618923 -4.8533984e-06 0.3030554 0.03890348 -0.054926313 0.011901615 0.13705294 0.3459262 -0.020343779 -0.22895624 -0.14440851 -0.15352911 -0.07956528 0.2460312 -0.108965844 -0.2879666 -0.27563173 -0.2377997 0.09588503 -0.05613896 -0.08222281 0.048988555 0.15133825 -0.16572629 -0.053682555 -0.17137021 -0.2609264 -0.16748416 -0.05727652 -0.21241997 0.15073389 0.06414076 -0.06471573 -0.06672466 -0.06969636 0.3282239 0.027714996 0.17163916 0.2293475 0.017537406 0.15043579 0.0026844037 0.22010581 -0.09727126 -0.08220876 0.17784677 0.04823601 -0.023035094 0.03735771 -0.14049053 0.012768716 0.13755286 0.106556036 0.095944144 -0.19087508 -0.008071553 0.14460032 0.16666731 -0.21197371 -0.08713361 0.15120412 -0.123874456 -0.12804236 -0.036627777 -0.0005461975 0.058113813 -0.07299367 0.086845875 0.11063424 0.2595382 0.09577486 0.08041345 0.31560442 -0.09346173 0.055313494 0.09713126 -0.018861927 -0.16610375 0.12660515 0.16867308 0.18355568 0.32492647 -0.21632703 -0.18146285 -0.1092014 -0.00698877 -0.12026619 0.014836677 0.0035716686 -0.03227606 0.14216541 0.0036166923 0.07755923 0.083681665 0.004844822 -0.14576586 -0.05519762 0.013401486 0.07133318 0.05442828 -0.021946756 0.035225295 0.06459937 0.19161998 -0.12040858 0.01645012 0.09301047 -0.071585536 -0.00039094905 0.012267325 0.13953504 0.09417303 0.024379432 0.24207793
GAB 0.02753283 -0.21795972 0.21084486 0.17681687 0.035454057 -0.019250596 -0.09330747 -0.07264989 -0.24987234 0.08071032 -0.005878427 -0.25183955 -0.19885749 0.1405462 0.17920855 0.069771275 0.27349013 -0.04557403 0.018263064 0.0022665346 0.06535666 0.20922045 -0.027203167 -0.13135393 -0.07411113 0.06682387 0.07772116 0.25029817 0.030149564 -0.15515724 -0.101271726 -0.071369626 0.15342183 0.05122634 -0.2543563 0.07324164 0.030801741 -0.22928154 -0.08696087 -0.099287 -0.39518982 -0.31700426 -0.20545985 -0.19029474 0.28354928 0.1375634 -0.009234035 -0.09977308 -0.36252323 0.12856585 -0.009404159 0.09289285 0.17947625 0.2677441 0.15710965 0.009274827 0.15711787 -0.1045899 -0.12836388 0.18416797 0.1486589 -0.032117337 0.17121486 -0.09713178 0.05494943 0.050982606 0.13115633 0.037377764 -0.33505177 0.051356614 0.30824646 0.14499466 -0.37481847 -0.11706662 0.34378016 -0.18377502 -0.3573099 -0.13713144 0.10414737 0.11278516 -0.28774643 -0.038882267 0.055135936 0.34622234 0.13766415 -0.018383102 0.24584243 -0.19656663 0.19702114 0.23765928 -0.2736485 -0.115661286 0.2722217 0.18642378 0.32897294 0.41715714 -0.2787293 -0.3262893 -0.31616613 -0.025629807 -0.3508253 -0.025274953 -0.0015094808 -0.19929245 0.03481824 -0.10572025 0.07522795 -0.081434816 0.055917207 -0.13154213 -0.12140935 -0.15427904 0.17477442 0.13024983 -0.26774636 0.04621252 0.13181107 0.41272166 -0.13277748 -0.020564392 0.26414993 -0.20390743 0.017334243 0.43871012 -0.10253628 -0.26021907 -0.16499673 0.24664983
URY -0.09936987 -0.2512488 0.14711922 0.23592547 -0.044078387 0.057606682 -0.072557166 0.1546132 -0.2622771 -0.0014348903 0.16040482 -0.31050012 -0.23341429 0.10371375 0.22815304 -0.000444084 0.3196541 0.052728422 -0.05111432 0.009244397 0.1342532 0.36896676 -0.017115911 -0.25376263 -0.15039274 -0.16165614 -0.08950904 0.27342036 -0.122784965 -0.29572314 -0.2679719 -0.25334352 0.10153221 -0.045169722 -0.075431794 0.04530294 0.12689258 -0.16794291 -0.058856945 -0.16926818 -0.25631717 -0.16899642 -0.05623644 -0.22244523 0.16051553 0.05085795 -0.077763215 -0.04557122 -0.07999081 0.3261476 0.04579383 0.17762867 0.22178605 0.013427748 0.14506206 0.019039929 0.2403394 -0.10207867 -0.07272706 0.17489575 0.047184665 -0.005128372 0.0244121 -0.14830013 0.041324433 0.13635224 0.10647269 0.112290904 -0.18704161 0.0016192902 0.15543936 0.15049928 -0.22080836 -0.097638145 0.16619842 -0.13348195 -0.13911848 -0.04312785 0.007943806 0.090043925 -0.10952204 0.08803382 0.11289665 0.26030755 0.093751535 0.07849114 0.30489516 -0.08779447 0.04505652 0.09381897 -0.017390974 -0.18126945 0.14224072 0.17543328 0.1747431 0.3313429 -0.197721 -0.18798624 -0.09202643 -0.028271321 -0.13238938 0.0031491264 -0.0041187555 -0.027021915 0.13684349 -0.0014034773 0.08366114 0.05314825 -0.015506433 -0.12641285 -0.069994114 0.024619069 0.060105093 0.06414694 -0.03244376 0.02867873 0.06419887 0.18926567 -0.11024072 0.015066748 0.101910666 -0.06671599 -0.014654654 0.011178253 0.12197113 0.101750314 0.01339437 0.2373288
DDR -0.05960436 -0.2506427 0.13327447 0.18554497 -0.1161462 0.008066368 -0.08784342 0.18351562 -0.10935326 -0.020530738 0.12524523 -0.2902047 -0.131809 -0.017395308 0.24434905 0.046221923 0.16732097 0.034778472 -0.048990842 0.027132465 0.07604099 0.17488389 -0.03998649 -0.16823272 -0.14454237 -0.110907346 -0.12524843 0.1403369 -0.07019577 -0.12046564 -0.23233524 -0.13175327 -0.005192742 -0.060849026 -0.05736238 0.05553575 0.22308241 -0.028875142 0.08238347 -0.15811357 -0.22948067 -0.06906651 -0.046674617 -0.17212465 0.1753358 0.10703593 -0.10292281 -0.06474476 0.025757654 0.28031486 0.03532981 0.084109366 0.17782217 -0.08276514 0.07253961 0.050898477 0.21081115 0.016626056 -0.022887176 0.09430532 -0.08142287 -0.0015542447 -0.09145901 -0.12761304 0.029048653 0.039378755 0.055780023 0.04032898 -0.11718244 -0.08834573 0.047218423 0.059581913 -0.22214256 -0.09026135 0.10238186 -0.18767959 0.008129592 0.002480432 -0.023363672 0.10221017 0.009843778 -0.027423263 0.14505644 0.31512818 0.12142311 0.12010532 0.32922658 -0.037205536 0.08456588 0.06753359 -0.03562735 -0.19572201 0.059617314 0.14389943 0.13727647 0.18599717 -0.2361028 -0.2375293 -0.21215099 -0.15862997 -0.22948693 0.004477914 -0.017429817 0.05547913 0.26117474 -0.088762075 0.0252261 0.004422441 -0.028883403 -0.28479433 0.09308784 0.05054203 0.1489676 0.107164755 0.014968077 -0.07112705 0.018047703 0.21488076 -0.004569892 0.02983527 0.055326194 -0.099981 0.09847753 0.013949493 0.108911544 0.057021398 0.022270435 0.16884026
GTM -0.13621806 -0.24251986 0.12237612 0.21599224 -0.025890598 0.05365078 -0.03588983 0.13229416 -0.279648 -0.020998659 0.18138386 -0.29536903 -0.25588837 0.09920473 0.19943462 -0.02523502 0.32998493 0.051827565 -0.05992734 0.009752541 0.12222607 0.38878956 0.0060849115 -0.2426308 -0.13072602 -0.17026615 -0.08749555 0.2725872 -0.116233036 -0.31822398 -0.24634336 -0.2709646 0.087384105 -0.038846195 -0.07643904 0.04513719 0.12431233 -0.15917343 -0.01750592 -0.1390215 -0.18617666 -0.1399313 -0.03266788 -0.21370117 0.14563903 0.028221447 -0.046168737 -0.07289829 -0.05418099 0.28606448 0.07295889 0.1761236 0.21998303 0.023468222 0.1272826 0.019221172 0.22251849 -0.12806484 -0.07735448 0.17168601 0.084089875 -0.03149211 0.053044263 -0.10890999 0.06652083 0.15889473 0.10233506 0.11927902 -0.15486889 -0.00041248198 0.17054678 0.11465218 -0.18660742 -0.08156642 0.13033815 -0.12755853 -0.15124583 -0.03262915 -0.016455462 0.14264895 -0.10081867 0.107146084 0.095570035 0.22851223 0.096123256 0.08283973 0.27551374 -0.10406171 0.047524404 0.10051934 -0.0139296325 -0.1883041 0.09781384 0.14348236 0.19185504 0.29041022 -0.1924326 -0.14448324 -0.056093235 -0.0038128085 -0.09000491 -0.001846356 -0.023228284 -0.01910052 0.10745711 0.011710082 0.07064923 0.042915642 -0.0005575595 -0.11856125 -0.049365286 0.017261893 0.03780431 0.060265377 0.00019189362 0.04807659 0.07419285 0.123735845 -0.09855875 0.021511272 0.05144147 -0.019045142 -0.044370092 -0.024607696 0.12615974 0.099075854 0.030147482 0.19998884
SWE -0.1520513 -0.23747198 0.14664507 0.10543451 -0.07326629 -0.071904786 -0.06805803 0.2643556 -0.025049154 -0.02257042 0.23661838 -0.30806792 -0.25282627 -0.119257286 0.10283666 0.07721456 0.08148482 0.10880257 -0.07203164 0.073022686 0.11433145 0.14846678 0.016637273 -0.15164876 -0.22783843 -0.0737561 -0.30740204 0.13543329 -0.090956986 -0.09407423 -0.13302012 -0.1604333 -0.124128245 -0.08175171 -0.024349403 0.07934206 0.32215393 0.05426389 0.34190345 -0.17970592 -0.16797502 0.12332647 -0.032595642 -0.29830658 0.26691502 0.104245305 -0.0882291 -0.041519415 0.11683654 0.17813706 0.1413818 0.11391977 0.24699949 -0.10311445 -0.0612361 0.18232383 0.29314646 0.14115617 0.071003094 0.079242595 -0.080666624 -0.011043639 -0.09143294 0.014006516 0.11577143 0.031721126 0.010332004 0.015237374 0.029149275 -0.13825926 -0.01781636 -0.16702394 -0.09991805 -0.094187826 -0.031677764 -0.3139776 0.114830494 0.06972834 -0.021621225 0.2484265 0.0820777 -0.16710618 0.1362579 0.31196967 0.11503507 0.11103235 0.25134802 0.06038382 0.049586084 -0.037582014 0.06163258 -0.16112636 -0.09312492 0.049634594 0.04973519 -0.065308236 -0.12153362 -0.21019018 -0.16900855 -0.2621264 -0.22630405 0.013469478 -0.10720544 0.18538977 0.3065675 -0.098371 -0.095801696 -0.111236535 -0.10011252 -0.25630695 0.27658987 0.083118096 0.04437938 0.06249689 0.14755744 -0.20913406 -0.03936157 0.012879626 0.1548955 -0.007210126 -0.12248538 -0.04345196 0.1139532 -0.18047188 0.026207715 0.07440052 0.025063094 -0.03342509
CRI -0.098113894 -0.27404705 0.16086191 0.2487205 -0.052110918 0.072382115 -0.058539208 0.13941541 -0.2444433 -0.024847034 0.13327064 -0.33034205 -0.22474737 0.11116629 0.24484083 -0.0007829951 0.31958175 0.046332352 -0.049828257 0.009735674 0.16859674 0.37243146 -0.02984973 -0.23021083 -0.14622048 -0.1626067 -0.08616089 0.2734534 -0.11288111 -0.29757723 -0.30312502 -0.2511172 0.110496834 -0.05100923 -0.064954266 0.04025703 0.12190698 -0.18482372 -0.07465863 -0.16551709 -0.24278763 -0.17214833 -0.07947599 -0.2020957 0.14502445 0.06390898 -0.0607005 -0.05433141 -0.09051199 0.34139186 0.031520616 0.17177644 0.22305891 0.017752878 0.14482556 -0.00856616 0.23221144 -0.09020899 -0.101432994 0.17831388 0.04993355 -0.02303101 0.049576066 -0.14304951 0.006589832 0.12801549 0.09462756 0.107304916 -0.20448539 0.005524512 0.13980417 0.1717307 -0.23165551 -0.0930604 0.15856579 -0.12286922 -0.14247973 -0.041782703 -0.015906155 0.055089712 -0.09344839 0.089915745 0.11587417 0.25085706 0.114581615 0.08210876 0.30640918 -0.11020416 0.052971873 0.11935171 -0.038356148 -0.18384957 0.13068092 0.17625162 0.1697949 0.3313875 -0.19624911 -0.16728899 -0.10872454 0.0006963088 -0.09379755 -0.0009735171 0.0176519 -0.03410886 0.12876436 -0.005318086 0.080656186 0.090136886 0.0056071877 -0.12696134 -0.09297244 0.005892248 0.06873904 0.04575189 -0.04448126 0.050111573 0.062603265 0.20034225 -0.1277553 0.014578289 0.098110415 -0.07413002 -0.011467877 0.021480775 0.1418282 0.102798596 0.010733073 0.24617885
HKG -0.12301495 -0.21200705 0.12183704 0.07564736 0.078952216 -0.008600924 0.14074646 0.0027504675 -0.02807352 -0.13975963 0.14532539 -0.19114779 -0.30014992 -0.1111689 0.035032097 -0.009942767 0.06315183 0.08104367 -0.051332384 0.077912904 0.20246124 0.1856283 0.08555717 0.0204302 -0.1797893 0.005793678 -0.164974 0.12732084 0.026676023 -0.11580722 -0.09298038 -0.07196282 -0.12833728 -0.032605182 -0.03484553 0.014242289 0.18486106 0.010058899 0.3091827 -0.057500422 0.0548394 0.1512227 -0.08622888 -0.088519014 0.0939719 0.0846863 0.19060141 -0.13526995 0.044218455 0.034218185 0.18655582 0.1281779 0.24939783 0.23113187 -0.025393698 0.05141607 0.2871669 0.026756387 -0.10528345 0.07984359 0.28534713 -0.28199387 0.24637252 0.18772149 0.09999944 -0.015863346 -0.030231804 0.080155164 -0.06945422 -0.05550735 0.021048596 -0.24895431 -0.17433186 -0.017299866 -0.02112801 -0.25693265 -0.14637919 -0.010674901 -0.12332331 0.31759304 0.13264075 -0.08895433 0.09810894 0.18102111 0.15506914 0.0841896 0.14073962 -0.14110224 0.17248413 0.187213 -0.0969972 -0.16629112 -0.16252296 -0.0636934 0.091624625 -0.17342496 -0.07170131 -0.028035743 -0.16348258 -0.03331655 -0.0540983 0.020477887 -0.10831424 0.04337544 0.031025575 0.03048559 -0.14477114 -0.06678412 0.145074 -0.26636162 0.18591589 -0.11869587 0.02161811 0.042283718 0.08191716 -0.031392682 0.11154708 -0.0014658691 0.16567624 0.053636886 -0.1659877 0.11599918 0.027447773 0.0849748 -0.079780295 -0.1935558 -0.058775693 -0.1370041
ISL -0.16031188 -0.27884266 0.13250156 0.113036625 -0.1185541 -0.0738502 -0.09431373 0.2999459 -0.012963279 -0.022823399 0.22667886 -0.32941678 -0.24140403 -0.11678141 0.14136943 0.06899672 0.075120226 0.1154568 -0.089366406 0.07985022 0.12067206 0.16551991 -0.007587216 -0.16893572 -0.23187913 -0.11835996 -0.33238912 0.13638842 -0.09267321 -0.12347868 -0.17809027 -0.1684751 -0.12867159 -0.09060285 0.0065155025 0.08219093 0.35223287 0.070533335 0.35072994 -0.17604028 -0.14623171 0.13657868 -0.01266087 -0.2922178 0.23758559 0.10816622 -0.104348056 -0.021080626 0.1637306 0.22743094 0.15003404 0.1095036 0.25796568 -0.14505662 -0.035637166 0.20274 0.29240748 0.16025995 0.08205083 0.094563745 -0.10839495 -0.007546849 -0.10876372 -0.0047941953 0.10423702 0.04396609 0.018546654 0.025966605 0.036035016 -0.16662377 -0.046436384 -0.16425791 -0.090373024 -0.103125036 -0.041065052 -0.294103 0.1635509 0.06324779 -0.027953936 0.22356361 0.11805195 -0.15561037 0.15592432 0.3239514 0.115797415 0.13559656 0.29762807 0.079477 0.029397432 -0.035941333 0.09202706 -0.17748342 -0.09929968 0.043623596 0.04603388 -0.048561182 -0.16000384 -0.21011345 -0.1794267 -0.2718544 -0.21961209 0.038088907 -0.09652791 0.1985289 0.35735396 -0.085507594 -0.09364205 -0.0721958 -0.099399075 -0.29636312 0.29634947 0.1165833 0.065558925 0.07200806 0.16090278 -0.22761165 -0.06397916 0.010521519 0.1579756 0.009274527 -0.13495159 -0.05055151 0.12515336 -0.21810882 0.08793025 0.13913444 0.059871744 -0.030724486
EGY -0.08702443 -0.12528996 0.01781492 0.07263248 0.0684683 -0.04859783 0.05834302 -0.08507892 -0.0929423 -0.08543206 0.03844894 -0.0113183 -0.18700954 -0.1139145 0.061576124 -0.025510551 0.11762392 0.06664695 -0.07084835 0.055532053 0.095329285 0.2532805 -0.016160315 -0.09374044 -0.044245414 -0.04707597 -0.1807144 0.17655835 0.07569254 -0.17929281 -0.1297565 -0.05302552 -0.052490637 -0.09523288 -0.012091826 -0.06894074 0.078342155 0.036132712 0.27159506 0.076625906 0.067993045 -0.04306497 0.065963276 -0.041638285 -0.0041054096 0.0323405 0.12208946 -0.123842455 0.038013395 0.01894131 0.23860127 0.12065436 0.17257671 0.16768411 0.073741525 0.087657 0.30011868 -0.15531276 -0.12892947 0.09413772 0.28238362 -0.21411191 0.25351977 0.13701582 0.12266737 0.07863307 0.11686166 0.15459347 -0.029804735 -0.06836316 0.057186045 -0.12007888 -0.22026761 -0.05329415 -0.019662268 -0.22688864 -0.22439228 0.026695391 -0.1207193 0.27012247 -0.0055873673 0.033225473 0.18607657 0.2614258 0.15656558 0.124944575 0.2550465 -0.14137612 0.26234353 0.25522354 -0.16539061 -0.2612537 -0.16999768 -0.0013973792 0.17512275 -0.04537298 -0.11759802 -0.012371711 -0.13575754 -0.08148761 -0.022646185 -0.013554964 -0.112191476 0.072450496 0.0073191943 0.028148131 -0.023696218 -0.18598258 0.068941064 -0.2655529 0.22038394 -0.04078949 0.09284726 0.1423707 0.02757644 -0.03805517 0.12582946 0.01919093 0.15088685 0.10953513 -0.09605343 0.10851168 0.05743338 0.116688296 -0.031178523 -0.16328514 -0.06584922 -0.08649975
HND -0.09595819 -0.24881454 0.14989646 0.20751412 -0.034432072 0.05126333 -0.035965957 0.11157616 -0.22170791 -0.019529622 0.12892283 -0.2918706 -0.22452787 0.08532732 0.19975142 0.009655902 0.2713725 0.032769788 -0.048521884 0.014950281 0.13084935 0.29852393 -0.0053497585 -0.19166195 -0.13536704 -0.10821899 -0.07289557 0.22709475 -0.09461556 -0.22652909 -0.22609186 -0.21138988 0.07103184 -0.047118 -0.08327385 0.040396612 0.11532807 -0.14793591 -0.018859722 -0.14718333 -0.22926854 -0.13298757 -0.07401172 -0.18815108 0.16422948 0.069455914 -0.03662516 -0.05722621 -0.078221954 0.25150007 0.043209363 0.14134926 0.2030183 0.039935347 0.11169354 0.0045496416 0.21957083 -0.06452338 -0.0809277 0.15570821 0.0578703 -0.026999706 0.038408183 -0.10416622 0.03981052 0.091125555 0.06586884 0.08192551 -0.17587823 0.0043466636 0.13997613 0.10255847 -0.19516079 -0.0856271 0.14199738 -0.13505632 -0.14300898 -0.03449713 -0.011876503 0.100295275 -0.08636371 0.055244796 0.10161119 0.2530917 0.10780565 0.07337877 0.25899106 -0.10608917 0.067850575 0.10521738 -0.051366385 -0.16044936 0.11093922 0.15219401 0.16787447 0.26205435 -0.17261712 -0.15931046 -0.111550555 -0.029053947 -0.12174782 -0.0010071527 -0.012172623 -0.024829734 0.10067786 -0.013305934 0.042170882 0.054844018 0.0121068135 -0.1205774 -0.052825414 -0.016486732 0.051607203 0.05928895 -0.038570154 0.03580068 0.064812265 0.17639065 -0.084509306 0.012752141 0.08136954 -0.055881273 -0.011945414 0.033632968 0.08097764 0.048732724 -0.0021129702 0.18419796
