50 128
MYS -0.00463387 -0.18323313 0.18400976 0.024165075 -0.07649466 -0.24399228 -0.08324172 0.09416701 0.05635409 -0.0015678918 0.22764271 -0.022046434 0.0152949765 -0.082717754 0.048946183 0.05357697 -0.052913778 0.005586746 -0.051018286 -0.11167541 0.18194927 0.14497194 -0.008566264 -0.103073925 -0.0019175612 -0.012561606 -0.17871925 0.07888316 -0.044693694 0.07692098 -0.19989978 -0.03879124 0.040047646 -0.02674683 0.056649767 0.045346394 0.1833323 -0.09087027 0.26096216 -0.078702465 -0.07020643 0.027742686 -0.13168503 -0.04707412 0.056924075 -0.04055865 -0.046400875 0.043464947 -0.0013092459 0.13114661 0.15419541 0.08162446 -0.010096539 0.09724839 0.026434962 0.040594358 0.112305745 0.09427957 -0.0963498 0.31052575 -0.11336694 -0.09413369 0.06180953 -0.10778763 0.02718492 0.05011398 0.057182427 0.13835137 -0.0017914813 -0.018101184 0.035125762 -0.15487838 -0.17823806 -0.2487349 0.08953689 -0.23379515 0.08638997 0.003963222 0.057081934 0.06450635 -0.08560252 -0.16453613 0.15828995 0.3658773 0.008959568 0.10314816 0.14003192 -0.070834175 -0.07004396 0.16939329 -0.20091665 0.016916176 -0.020672988 -0.09994076 0.18662545 0.0023834072 -0.033440124 -0.2199204 -0.049521793 -0.12531887 -0.26367006 0.05037614 0.035878208 0.060315065 0.07471374 -0.11969687 0.026464926 -0.039799646 0.01849924 -0.20686664 0.045162678 0.036425766 -0.04793169 0.104093775 -0.13847286 -0.03919251 -0.106709674 0.123751655 0.034431975 0.0011043751 -0.14726129 -0.12757331 0.055283424 0.023343384 0.0065574157 0.06424309 -0.06987033 0.024036676
SAU -0.008647747 -0.0946967 0.13189869 0.046628386 -0.04273046 -0.14001994 -0.104263164 0.021713978 0.10079437 0.0014499802 0.22261126 -0.024003936 0.029867344 -0.13393517 -0.03270112 0.012210638 -0.036454897 0.006993538 -0.118654855 -0.23021594 0.14918305 0.20357317 0.05573077 -0.21554704 -0.08418689 -0.13460581 -0.23070654 0.067734584 -0.12128464 0.1429772 -0.18204847 -0.003883483 -0.059615117 0.0027977817 0.04915505 0.018639421 0.22530018 -0.004883727 0.29832998 -0.022017414 -0.026281122 -0.03874547 -0.09439587 -0.042775523 0.023510039 -0.0070136487 0.0077926707 -0.04297132 -0.05092216 0.1372607 0.16730283 0.06944287 -0.06435744 0.09961386 0.0003950289 0.06575213 0.093850866 0.076189674 -0.15742953 0.29788706 -0.05056537 -0.08101139 0.08015602 -0.060182057 0.050150767 -0.03090905 -0.0019162626 0.09844392 -0.031166773 -0.088487856 0.014001827 -0.1257645 -0.16741982 -0.18584518 0.041588306 -0.25704047 0.11159699 -0.045672834 0.06885912 0.06494661 0.042614818 -0.047640786 0.14732684 0.30489078 0.03705187 0.18694669 0.16442725 -0.025644353 -0.078160495 0.10615688 -0.19543508 -0.016973583 -0.028110795 -0.110679485 0.19211423 -0.0027317556 0.038077187 -0.23214675 -0.08379751 -0.1502627 -0.21548313 0.065906696 0.10012125 0.07565256 0.015625024 -0.20863032 0.03466668 -0.07111998 0.056806825 -0.18850477 0.013378905 0.048332818 0.01326052 0.15828593 -0.1252853 -0.019169103 -0.09129015 0.13749023 0.009663957 -0.009256473 -0.09702034 -0.119708754 0.10071573 0.07560548 0.046666063 0.099324994 -0.07688213 0.016089927
ARE -0.041472945 -0.14927076 0.11937695 0.030123066 -0.077662095 -0.21666616 -0.11502222 0.095137596 0.06265307 0.054311447 0.2497557 0.017104328 0.051368415 -0.0662195 -0.00480311 0.051463537 -0.046560198 -0.00016069553 -0.08729304 -0.24675559 0.2375007 0.18847536 0.0065305894 -0.20263773 -0.038956106 -0.10966541 -0.26304165 0.07342398 -0.13052456 0.123844944 -0.1736777 -0.0655059 0.015736107 -0.041514255 0.07909371 0.042097397 0.18891165 -0.09755058 0.29227656 -0.07585311 -0.025233967 0.0040425556 -0.14728253 -0.060367156 0.012849552 -0.034428667 -0.029348409 0.027412374 -0.012127508 0.14133744 0.20606849 0.106898025 -0.045536242 0.08884973 0.045598872 0.01011381 0.06863086 0.12458842 -0.11040857 0.4210256 -0.09596387 -0.060089316 0.051394552 -0.04569349 0.018270992 -0.021354474 0.024578644 0.14938854 -0.0036771346 -0.046018746 -0.029942151 -0.123624146 -0.084929824 -0.2364107 0.07582241 -0.27268916 0.15374929 -0.04903111 0.10552956 0.055885892 -0.02051412 -0.1381896 0.132677 0.39658758 0.054591168 0.14475916 0.16816458 -0.029540602 -0.11439649 0.09543414 -0.20119824 0.02264937 -0.0038124723 -0.12287179 0.17729186 0.003718649 0.05934197 -0.26423842 -0.093715824 -0.12941234 -0.2517271 0.08983264 0.12614201 0.073583394 0.0071718935 -0.20312615 0.022184081 0.0015026018 0.067300536 -0.19909306 0.011344818 0.058837634 -0.05420163 0.14368048 -0.15573491 0.007203438 -0.09702441 0.16057234 0.038516805 -0.014023329 -0.17475024 -0.12383254 0.110533446 -0.026944611 0.027274815 0.119360484 -0.03770995 -0.011611032
IDN -0.021993743 -0.21551776 0.17748201 0.081554316 -0.06382261 -0.22420189 -0.14364532 0.03151507 0.112874284 -0.03473283 0.24068362 -0.022193626 0.0744658 -0.15745254 0.01330208 0.039559968 -0.06791112 0.02286015 -0.08498265 -0.17914113 0.1266616 0.17709291 0.008087957 -0.14125837 -0.0060232296 -0.05009108 -0.17211184 0.052714728 -0.09754526 0.07627886 -0.13018504 -0.03296009 0.0032253712 -0.007320784 0.09596284 0.052809674 0.23707326 -0.06410263 0.3405841 -0.021661686 -0.050174966 -0.04073808 -0.1275991 -0.028894102 0.06153954 -0.034132842 0.002904 -0.006396211 -0.0039883247 0.1269963 0.18761648 0.106528275 -0.04651782 0.09152484 -0.008697103 0.05587191 0.10561686 0.08770087 -0.13044298 0.33101413 -0.07573523 -0.072096616 0.11681748 -0.074230745 0.01865734 0.019163763 0.04745072 0.121976346 0.03904845 -0.040620625 0.015868273 -0.13672271 -0.15099834 -0.21463011 0.08835595 -0.22736762 0.1319056 0.011448331 0.07814043 0.029314116 -0.017085565 -0.10573096 0.19581671 0.36447805 0.0128025105 0.19594935 0.13840136 -0.025948811 -0.12097929 0.14820907 -0.18206185 0.04510589 -0.037900653 -0.11302256 0.20210183 0.012746271 0.012546662 -0.22276525 -0.04732333 -0.14316119 -0.19423306 0.03002867 0.07376019 0.07969442 0.030334115 -0.15735242 0.011662719 -0.03354485 0.046160497 -0.1547925 0.031215189 0.042865198 -0.01203285 0.1521343 -0.14894526 -0.060951725 -0.12984638 0.08744662 -0.007867867 0.0040297583 -0.14078012 -0.09757845 0.07910409 0.009205942 0.060499378 0.109457046 -0.07345244 0.040147185
DEU 0.10811096 -0.32998908 0.35193995 0.025038904 -0.02781091 -0.31280124 -0.012281645 -0.024278812 0.04252696 -0.1611321 0.2097842 -0.09151051 -0.05313201 -0.17526267 0.27768874 0.08217455 -0.09324197 0.08248906 -0.025312426 0.16444075 0.073067054 0.21876338 -0.070198424 0.01580861 0.038387094 0.15040375 -0.039815653 0.11024981 0.15665473 -0.007992184 -0.32078385 0.026269637 0.09623042 0.05438114 0.025211953 0.092466764 0.27098414 -6.518929e-05 0.366085 -0.012699001 -0.14261013 0.036940716 -0.046667907 0.011204678 0.23062263 -0.026586989 -0.04634007 -0.026102362 -0.006682718 0.12808809 0.117336564 0.047458876 0.10730881 0.102390885 -0.046341103 0.19657928 0.21376522 0.023829337 -0.11826477 0.03834443 -0.096766435 -0.14502086 0.12506175 -0.17264399 0.024655987 0.16793777 0.12451999 0.08900212 0.019036518 -0.00091491936 0.20859013 -0.2099639 -0.33223724 -0.20883127 0.10185991 -0.057569496 -0.11010237 0.12449976 -0.036544066 0.11671995 -0.114261284 -0.17437027 0.21113846 0.32127678 -0.08211003 0.073321395 0.09897724 -0.19253258 0.06335491 0.28255215 -0.24028423 -0.026190797 -0.10468045 -0.070752546 0.22703452 0.025547618 -0.21414699 -0.09802453 0.051176112 -0.14869983 -0.19491349 -0.05043076 -0.13951081 0.023680197 0.15334687 0.11014546 0.0950654 -0.17353274 -0.04987207 -0.16826929 0.11145373 0.035995092 0.001370774 -0.016882122 -0.12650637 -0.17879196 -0.13673598 0.021185631 0.0031525635 0.06843714 -0.05824166 -0.022291416 -0.12184857 0.19269483 -0.038793076 -0.046020597 -0.15200011 0.09562975
IRN 0.028751543 -0.19896013 0.19931042 0.07469005 -0.014053238 -0.167058 -0.11121639 -0.04774563 0.11679707 -0.079495974 0.2188853 -0.0698286 0.0214592 -0.19084452 0.029350763 0.015364487 -0.0452769 0.018854514 -0.12299064 -0.15011522 0.07409772 0.20896803 0.036201365 -0.15072024 -0.048283778 -0.06924476 -0.15791352 0.044053927 -0.0659937 0.07818994 -0.17392017 0.027985854 -0.033920974 0.0373214 0.06759382 0.044113744 0.27294892 0.02467751 0.33823693 0.035837285 -0.03837372 -0.07494609 -0.07236441 -0.011426036 0.07254034 -0.012076682 0.028550934 -0.07302886 -0.04237214 0.12726715 0.13284655 0.08066076 -0.03453517 0.0864399 -0.044923715 0.099914834 0.12785967 0.03621702 -0.1533453 0.20448491 -0.02307799 -0.089494415 0.13290206 -0.05930742 0.03235592 0.013581263 0.033703607 0.074517384 -0.01603892 -0.07398054 0.06875543 -0.1333962 -0.19790912 -0.15838021 0.06118259 -0.19117698 0.059851605 0.0040815044 0.029872239 0.04233835 0.04581472 -0.027821995 0.1654414 0.2573307 -0.005863748 0.19985558 0.11724328 -0.025225548 -0.06510109 0.13808656 -0.16205353 -0.0022620575 -0.050340872 -0.09599104 0.18482658 0.010411203 -0.014486046 -0.18876594 -0.06515689 -0.1571324 -0.13441455 0.016036917 0.03460927 0.07194134 0.05849859 -0.15303223 0.036607977 -0.09619937 0.061673075 -0.13778476 0.02060399 0.045996368 0.056497063 0.12630592 -0.12933254 -0.07294916 -0.115984775 0.07749204 -0.025449358 0.023815583 -0.044241507 -0.07657054 0.049390707 0.11698509 0.06983699 0.09715774 -0.10310171 0.075228915
DNK 0.11515342 -0.2839542 0.3254496 0.028779207 -0.004867451 -0.29395312 0.0061809956 -0.0120362835 0.05699434 -0.15182349 0.2143206 -0.10145898 -0.039256677 -0.14974827 0.25747135 0.094965145 -0.07169362 0.04128876 -0.040565357 0.165999 0.10019869 0.2198921 -0.07408924 -0.017536411 0.0043840115 0.14984255 -0.057965685 0.11133224 0.132717 0.01962363 -0.3193913 0.018394992 0.07810015 0.08106112 0.020628085 0.08222251 0.2350353 -0.00069295266 0.3252226 -0.014613125 -0.14362961 0.04166707 -0.02123211 0.014573626 0.20608848 -0.03358905 -0.037534967 -0.0008226796 -0.03791085 0.120972246 0.10216603 0.043338496 0.09790541 0.106923856 -0.03540857 0.16665654 0.22254485 0.0475905 -0.13411741 0.04278589 -0.119104534 -0.1516654 0.11556809 -0.17895459 0.042709246 0.14149511 0.10027416 0.07989111 -0.010400415 0.01031371 0.1841083 -0.19287091 -0.31095308 -0.17955692 0.08924883 -0.071014225 -0.093813665 0.08239652 -0.042577576 0.0987182 -0.10043032 -0.16134427 0.1768992 0.29748675 -0.072023794 0.06338692 0.08871033 -0.16946067 0.052484147 0.24521166 -0.20323557 -0.044247694 -0.1012133 -0.060772642 0.20196669 0.010564582 -0.19666092 -0.101960436 0.027654784 -0.13932006 -0.19809967 -0.058905628 -0.13007592 0.02619135 0.1390144 0.08762585 0.07852639 -0.15583132 -0.0381964 -0.15922718 0.08259866 0.038867027 -0.0011573752 -0.03059523 -0.114846036 -0.14079897 -0.122873 0.035283647 -3.6736827e-05 0.0278831 -0.05099795 -0.037317045 -0.09780912 0.19495039 -0.0318076 -0.037117418 -0.12043948 0.104279175
GBR 0.086887136 -0.21114737 0.27867916 0.03487269 -0.026261363 -0.24257353 -0.023326514 -0.0047013927 0.06792017 -0.12722304 0.20528537 -0.08040971 -0.037104063 -0.16366054 0.17625439 0.052832283 -0.054909002 0.030093638 -0.082403496 0.06587663 0.07256389 0.18850365 -0.019988935 -0.07358436 -0.032081902 0.04021452 -0.094170816 0.08076069 0.06166504 0.056522593 -0.27488032 0.034743093 0.018576518 0.0513886 0.017728852 0.06250131 0.23066503 0.028626312 0.28162283 -0.0042424863 -0.10515284 0.019883221 -0.010088202 0.012017999 0.14966257 -0.0077743875 -0.034198806 -0.025308741 -0.03444935 0.1368694 0.10734074 0.04284965 0.05649994 0.10678435 -0.046220746 0.17085598 0.17874229 0.04900237 -0.13700959 0.07948029 -0.09568492 -0.14218001 0.099070735 -0.16006543 0.053949352 0.09850525 0.054680627 0.0727647 -0.04149578 -0.04404359 0.15783675 -0.20018344 -0.32408467 -0.19280669 0.073269546 -0.14486213 -0.05569551 0.028336912 -0.005335559 0.10999582 -0.028035609 -0.10701447 0.17532049 0.25852704 -0.043592583 0.09814039 0.10493632 -0.10592732 0.03341127 0.18764935 -0.18824993 -0.03977539 -0.06758276 -0.05289369 0.18674737 0.021125317 -0.121618494 -0.11117207 0.005506268 -0.1574575 -0.20494089 -0.010025072 -0.056894157 0.04547929 0.115954176 0.0010274271 0.09102549 -0.15086445 -0.030408783 -0.17626539 0.06967508 0.057501245 0.024414811 0.031118084 -0.07944433 -0.13352074 -0.09133096 0.05127265 -0.003170274 0.014079973 -0.034191515 -0.07094946 -0.03268612 0.16745876 0.00062413805 0.0028725911 -0.09195686 0.068588704
AUS -0.04012457 -0.15524341 0.13742863 0.062868506 -0.050768457 -0.17919852 -0.14115375 0.04075088 0.13477504 -0.0009693166 0.23308156 -0.0052309814 0.08038497 -0.14365157 -0.023296054 0.03714091 -0.052588906 0.010210335 -0.10932304 -0.20739515 0.1267978 0.16722491 0.019371916 -0.1811646 -0.03706099 -0.09570426 -0.19448991 0.038454477 -0.13064067 0.10635332 -0.121533625 -0.025252583 -0.033524614 0.0010884478 0.08944682 0.055714 0.23112182 -0.047332074 0.33548576 -0.029066311 -0.058432695 -0.03463018 -0.13031597 -0.041089986 0.048668448 -0.025786638 0.007059777 0.000832018 -0.021042902 0.14611411 0.17533773 0.11624966 -0.056276143 0.08251547 -0.005771274 0.05318478 0.09905027 0.11092096 -0.12080768 0.340683 -0.09267317 -0.06456965 0.088668376 -0.06956901 0.04283132 0.0031900085 0.02530467 0.1150996 0.0035211882 -0.044721916 -0.011764992 -0.12402899 -0.13383245 -0.20872337 0.07874161 -0.26087636 0.15132105 -0.008746181 0.08498389 0.041607205 0.018311484 -0.093813516 0.17837775 0.3640325 0.02226647 0.19944781 0.15856399 -0.011869828 -0.13091315 0.118667126 -0.1691654 0.0170215 -0.025503581 -0.12983555 0.17869885 0.0060554487 0.040640883 -0.24033818 -0.0723094 -0.15573026 -0.21509218 0.046132896 0.09377435 0.092384525 0.02804887 -0.19451717 0.00065660174 -0.034226563 0.05204956 -0.16578814 0.0148237515 0.057321295 -0.00042802677 0.16419908 -0.14531408 -0.052190457 -0.13130032 0.1029982 -0.0017417677 -0.0044507785 -0.12916778 -0.12181193 0.11730882 0.012533765 0.06801509 0.13901111 -0.049787045 0.02801061
CHE 0.12955779 -0.27389038 0.32427868 0.03551611 -0.006601894 -0.2783766 0.00785109 -0.0239158 0.054164525 -0.13688463 0.19682983 -0.11427611 -0.059043683 -0.14361148 0.26566473 0.09491313 -0.08498809 0.067043565 -0.060474534 0.17727515 0.08781296 0.24494012 -0.06847854 -0.00066799205 0.0031828438 0.1538316 -0.058752857 0.09694909 0.14273156 0.02265765 -0.33826575 0.0335286 0.08858211 0.08610648 0.0033063516 0.072658904 0.27790874 0.00428867 0.3504961 0.0025272698 -0.17863126 0.026531303 -0.01364796 0.0006191188 0.18882047 -0.036749788 -0.06214525 -0.009710111 -0.04276731 0.12341794 0.10699364 0.035154223 0.122733876 0.11214491 -0.057272896 0.22044194 0.23018612 0.03342423 -0.14366047 0.03186874 -0.12794898 -0.14978568 0.10895157 -0.18521495 0.051660284 0.14858228 0.12324181 0.06798661 -0.03126871 -0.005878326 0.19042669 -0.17611188 -0.3487226 -0.17670047 0.084504865 -0.08622951 -0.11557561 0.10717632 -0.054767102 0.110302635 -0.098157436 -0.164011 0.17938784 0.2820461 -0.08772031 0.059455376 0.09950462 -0.16707447 0.05420784 0.27920306 -0.20196891 -0.04788936 -0.10736184 -0.067920506 0.22280453 0.011022114 -0.21994005 -0.09340425 0.044819657 -0.15368159 -0.19449873 -0.079131246 -0.1399187 0.017719971 0.13980664 0.09342764 0.09389366 -0.15260005 -0.05748017 -0.17478538 0.11106099 0.03180004 0.0067000035 -0.018865446 -0.09790756 -0.15682499 -0.14030513 0.02943293 0.0030113242 0.048481226 -0.03628002 -0.05407834 -0.10298061 0.20237443 -0.023245497 -0.04695945 -0.13780665 0.1118014
IRQ -0.010350429 -0.11388918 0.1184117 0.13409324 -0.02095625 -0.09146672 -0.10796779 -0.0706184 0.14992748 -0.07274464 0.20444413 -0.041689713 0.07914468 -0.20266579 -0.033682447 0.0043372856 -0.019084534 0.0132680405 -0.1719707 -0.2301082 0.030243823 0.2311162 0.05099097 -0.23148255 -0.10250103 -0.17990378 -0.17220344 0.012823108 -0.16344006 0.12897374 -0.11645009 0.022292117 -0.111909956 0.03312406 0.073604226 0.04742104 0.27910158 0.06190809 0.34068805 0.036757566 -0.013637053 -0.104876384 -0.02322361 0.004984944 0.04942683 0.009399171 0.033991043 -0.09407754 -0.046609856 0.15961035 0.16662286 0.09785532 -0.06484751 0.083934076 -0.059305955 0.104494825 0.10314867 0.06951673 -0.20083532 0.25168148 -0.032315865 -0.06943764 0.12774146 -0.062376317 0.046163604 -0.047291677 -0.047189284 0.06334382 -0.026240613 -0.10269177 0.04768774 -0.11092592 -0.20295233 -0.12796287 0.041908383 -0.2268977 0.11603811 -0.046894588 0.07440749 0.048358724 0.15757723 0.04230076 0.19529115 0.27122754 0.021699462 0.2641658 0.16123559 0.018523227 -0.10334831 0.06672171 -0.13313028 -0.018838244 -0.054402553 -0.09633404 0.20908965 0.036337506 0.051196832 -0.18319906 -0.08128646 -0.17689195 -0.12345405 0.030443946 0.10498432 0.108834356 0.0138229625 -0.20338748 0.056062754 -0.07525715 0.06643026 -0.13424586 0.0137628885 0.08466188 0.07905608 0.19474094 -0.09993847 -0.08791688 -0.084821895 0.07206634 -0.065816574 -0.0146995885 -0.019783415 -0.07486059 0.11974215 0.091739744 0.14271651 0.14678472 -0.05482806 0.064296864
CAN 0.05527061 -0.25113028 0.25291428 0.04580573 -0.04412037 -0.25495657 -0.06332719 0.0069765286 0.09374175 -0.104272865 0.19092743 -0.04230945 0.04662748 -0.14030561 0.1405489 0.06783953 -0.08481023 0.04909278 -0.065174714 -0.0039943093 0.09851206 0.18392445 -0.04540768 -0.086974666 0.0100471275 0.022742385 -0.10309806 0.07174241 0.021893023 0.053540602 -0.21301469 0.0145996725 0.05575102 0.029043825 0.061258927 0.08091718 0.21897334 -0.011151305 0.29308084 -0.01961926 -0.08750106 0.013921475 -0.054275285 0.008076512 0.14368166 -0.024404177 -0.016303051 -0.013139271 0.0013253062 0.13560376 0.14048214 0.09604899 0.009016894 0.07768584 -0.03318512 0.11376431 0.1608497 0.07853172 -0.120542474 0.16345547 -0.10393274 -0.10512628 0.106668346 -0.14100374 0.027719483 0.088182986 0.061812684 0.08430167 0.028844332 0.005375944 0.09771157 -0.15261456 -0.23485325 -0.18370225 0.10441225 -0.13754083 0.019415626 0.060225684 0.025246946 0.06781518 -0.034493707 -0.12939936 0.20027661 0.3180939 -0.022310892 0.14514592 0.10786239 -0.11054914 -0.04653971 0.18996587 -0.1910435 0.020886274 -0.06639251 -0.082489505 0.17714392 0.038789906 -0.0869139 -0.16015503 -0.012407362 -0.14397302 -0.18613996 -0.00022148098 -0.027418256 0.045886204 0.08237196 -0.010986108 0.041189764 -0.091130875 -0.011098686 -0.1279909 0.05825026 0.05972592 -0.006611747 0.067548454 -0.12927127 -0.13323316 -0.1332477 0.04325285 -0.018785758 0.025831044 -0.0816321 -0.06582191 -0.011684463 0.08481743 0.042487863 0.06311602 -0.09500285 0.08213285
LBY 0.100731134 -0.23426104 0.25420654 0.07233959 0.0019425664 -0.216787 -0.04269705 -0.046043456 0.08160649 -0.106476404 0.17952135 -0.11172058 -0.036041036 -0.1798011 0.15669234 0.047612604 -0.05329696 0.06444342 -0.09340282 0.03904117 0.058950257 0.22130981 -0.0057291505 -0.05255768 -0.02190661 0.03178687 -0.09615649 0.05456449 0.061975274 0.030742232 -0.24193394 0.053037513 0.0258204 0.080099985 0.020512419 0.05621064 0.3011112 0.024092661 0.3736967 0.053179782 -0.1277242 -0.03445554 -0.027790658 -0.008700666 0.13666515 -0.022522882 -0.0272956 -0.049446873 -0.054555062 0.12673017 0.09451145 0.036606748 0.06561713 0.102133304 -0.06611423 0.19538584 0.16320151 0.011959461 -0.15951373 0.089647196 -0.0543701 -0.1041096 0.12733261 -0.10109268 0.04595677 0.07074793 0.084872 0.049928557 -0.020707663 -0.050006036 0.13123854 -0.12980083 -0.27388433 -0.13975662 0.056886002 -0.1253501 -0.0695079 0.0723705 -0.031018132 0.08922561 -0.026695097 -0.08474425 0.171941 0.23645274 -0.045790505 0.13213663 0.11082437 -0.08841611 0.020050164 0.22068413 -0.1593253 -0.050550602 -0.08993834 -0.072654046 0.20938773 0.0081634065 -0.12635064 -0.12588874 0.003065977 -0.14294839 -0.14139844 -0.042551015 -0.07949555 0.029914714 0.08922336 -0.017567249 0.06800074 -0.13010424 -0.0039639464 -0.14562488 0.06763276 0.022131145 0.055033457 0.048129957 -0.09859369 -0.12674986 -0.11060841 0.040930845 -0.012539419 0.044020344 -0.027942454 -0.06028345 -0.049808815 0.17736013 0.02646724 0.020558607 -0.11539238 0.096628554
BRA -0.0006164388 -0.07361701 0.08998543 0.13163808 0.0012266278 -0.052649178 -0.094791375 -0.07752821 0.15450287 -0.089561634 0.20131713 -0.06289903 0.06412639 -0.21304855 -0.04368484 -0.025024436 -0.017358238 -0.012423004 -0.21698743 -0.26098672 0.020315101 0.2348312 0.06648513 -0.25882223 -0.1411663 -0.21591276 -0.1842789 0.030718446 -0.16173008 0.1634953 -0.153825 0.046864726 -0.14576155 0.041051034 0.045619182 0.032339837 0.25947157 0.09619262 0.30956584 0.051749717 0.0135964565 -0.11245877 0.0066572446 0.016634317 0.02039236 0.011098446 0.048045088 -0.11569958 -0.051016737 0.16268371 0.16701481 0.07046793 -0.08192236 0.09296019 -0.07358112 0.109345 0.12491939 0.03908407 -0.23143741 0.22488478 -0.013423914 -0.092609644 0.12618658 -0.079056226 0.06012126 -0.056929994 -0.07290985 0.06370692 -0.058028825 -0.13172922 0.07396731 -0.12694833 -0.2566498 -0.13006239 0.04030857 -0.25882012 0.10961857 -0.08802045 0.083212465 0.06368737 0.18842511 0.06261152 0.19645612 0.24317355 0.013254345 0.2839085 0.17120393 0.035244584 -0.07947335 0.058667112 -0.124491096 -0.033774372 -0.050699815 -0.08667573 0.21395065 0.022661071 0.042435963 -0.21631178 -0.11720598 -0.1999544 -0.13770007 0.053427625 0.103469975 0.115711346 0.035677176 -0.24588683 0.07660272 -0.13158631 0.08744976 -0.14208005 0.017726885 0.094485134 0.118688494 0.20698598 -0.07845521 -0.07651468 -0.089471206 0.09643915 -0.057659097 -0.034099374 0.008793687 -0.08584878 0.13561295 0.15629186 0.15103696 0.1517178 -0.06578387 0.07140445
NGA 0.091280915 -0.25202078 0.27561098 0.08258854 -0.0050195553 -0.21551664 -0.019953892 -0.078573145 0.09902673 -0.17731117 0.16463597 -0.070482925 0.019107852 -0.18842329 0.1930624 0.06898443 -0.08671757 0.058175668 -0.09029798 0.081162445 0.027100025 0.24049474 -0.04181282 -0.0661518 -0.0026090161 0.059843104 -0.036604542 0.089110404 0.07281504 0.027746262 -0.25902975 0.039768744 0.039108835 0.06604223 0.032778807 0.08861313 0.25968447 0.050295513 0.3326159 0.030897044 -0.10090755 -0.014643263 0.0046785013 0.031905595 0.18321705 0.004133234 0.0070906538 -0.06436144 -0.021086082 0.13680224 0.12788782 0.08457404 0.041534774 0.08493952 -0.08282811 0.17940171 0.2109464 0.034666397 -0.16204216 0.043904763 -0.08253409 -0.12933823 0.1428534 -0.1559505 0.028748404 0.11071808 0.06649252 0.06312291 0.008037074 -0.0031638169 0.18224987 -0.16602549 -0.31383926 -0.14581035 0.09939412 -0.072344065 -0.055851206 0.07482711 -0.009082129 0.076942764 0.015362548 -0.07758747 0.2217975 0.2736602 -0.06522707 0.15657218 0.09231879 -0.14131811 0.0029287478 0.20133023 -0.18446803 -0.014022724 -0.090256296 -0.066315114 0.20092201 0.04236061 -0.14150023 -0.12114782 0.016192004 -0.17889434 -0.1411414 -0.033864044 -0.068917915 0.052790876 0.111089006 0.035319794 0.0910892 -0.15175337 -0.010007575 -0.11898659 0.076174885 0.07198131 0.034381725 0.040087692 -0.095743686 -0.1841731 -0.12447152 0.0051420135 -0.05072877 0.033832084 -0.007948322 -0.015388291 -0.048104208 0.18110493 0.05243413 0.02652961 -0.12633231 0.11020776
GRC 0.05068494 -0.1605394 0.18327178 0.06680365 -0.008382491 -0.14910492 -0.06266868 -0.051583927 0.09426297 -0.07386462 0.17241748 -0.08823769 -0.00520844 -0.15442182 0.072597526 0.03215637 -0.04864914 0.027905963 -0.11976165 -0.0781327 0.06766688 0.23029438 0.017151268 -0.113211684 -0.055964153 -0.03168746 -0.13059789 0.042730402 -0.014677352 0.07544786 -0.21555117 0.024614856 -0.029769113 0.05232272 0.03484177 0.052011058 0.27176723 0.034334715 0.34128162 0.0346183 -0.08301377 -0.06577247 -0.036993694 -0.009077503 0.089425616 -0.008315097 -0.010103039 -0.06538784 -0.055962924 0.12010286 0.11266897 0.061447743 0.018521555 0.095715396 -0.055013906 0.14965759 0.14833476 0.040549427 -0.16843885 0.14525852 -0.050953686 -0.09710647 0.1183679 -0.08490824 0.060835842 0.031222941 0.041128997 0.058260813 -0.03607721 -0.0826237 0.09913403 -0.12985384 -0.25756508 -0.14059646 0.047244012 -0.17978461 -0.003861436 0.024284696 0.015839562 0.07733449 0.029159753 -0.04721869 0.16039333 0.2519378 -0.021173572 0.15883811 0.1193792 -0.052484393 -0.018227616 0.15583207 -0.15341628 -0.03311352 -0.06453337 -0.073189296 0.20011729 0.004207235 -0.06867714 -0.14945108 -0.04159011 -0.15614186 -0.14560342 -0.009287381 -0.014806494 0.0650276 0.06186341 -0.097127154 0.0616655 -0.12018834 0.022027208 -0.14900166 0.047493152 0.031410307 0.05263584 0.09949539 -0.10372376 -0.07995732 -0.106681265 0.07003133 -0.01454502 0.022933148 -0.027563274 -0.07224847 0.01323739 0.15582678 0.04615956 0.044308905 -0.10342994 0.07590235
SUN 0.016217362 -0.058470756 0.12292024 0.09504474 -0.0063732523 -0.049018446 -0.09658631 -0.079499066 0.13813145 -0.080366015 0.17455387 -0.05408009 0.026670745 -0.18895358 -0.043362863 -0.029262153 -0.032064673 0.023052733 -0.20160146 -0.24869873 0.04862255 0.24512802 0.086039424 -0.26387447 -0.14929724 -0.22203906 -0.20105568 0.04956526 -0.1593448 0.16599685 -0.17656624 0.045257617 -0.13834475 0.03911055 0.042894635 0.021354744 0.25124228 0.11056666 0.30137116 0.059589997 -0.0050523947 -0.09355618 -0.0016198265 0.0065095206 0.019782282 0.037226234 0.06415164 -0.12668355 -0.0672202 0.1628156 0.14941224 0.06997594 -0.07672561 0.10602727 -0.05576832 0.14626105 0.11263351 0.04074119 -0.23436101 0.21566053 0.0017288761 -0.09284706 0.12201341 -0.068930544 0.076252826 -0.05127997 -0.06595881 0.054776806 -0.061739784 -0.14185719 0.0732911 -0.1384984 -0.2583541 -0.1479901 0.030902138 -0.2521653 0.08425547 -0.07135591 0.059975646 0.07935486 0.19614333 0.07102957 0.19992462 0.24281378 0.02097645 0.27192587 0.17410599 -0.011816382 -0.06993974 0.06185065 -0.16976386 -0.047991153 -0.056726675 -0.09076777 0.22882088 0.021594869 0.025972003 -0.21701966 -0.109656855 -0.21236253 -0.16626686 0.051547013 0.11435835 0.113906264 0.011168517 -0.22983606 0.08312939 -0.15145697 0.07672361 -0.1723256 0.0014748304 0.073334806 0.11001956 0.20914783 -0.091987066 -0.07345599 -0.08604458 0.104117334 -0.045043185 -0.012799793 0.0027098544 -0.07627183 0.12123986 0.18025188 0.12381755 0.1332658 -0.083469436 0.05322224
NOR 0.117165014 -0.28398722 0.32641393 0.038407147 -0.018144837 -0.28916645 0.010869497 -0.021872358 0.044216435 -0.15141961 0.18919183 -0.09247293 -0.044100545 -0.14387046 0.26727596 0.08245342 -0.07958435 0.05846425 -0.045761704 0.16698451 0.062336367 0.21846887 -0.07717016 0.003081787 0.023592522 0.14205238 -0.033525225 0.106462285 0.14040516 0.0012122317 -0.30374137 0.031089483 0.08866064 0.0634891 0.014070713 0.08200498 0.25497633 0.007091792 0.34251112 0.0022522218 -0.15287112 0.034851868 -0.01547078 0.017998878 0.21425876 -0.02194392 -0.05357184 -0.003534551 -0.019661643 0.14070864 0.102124415 0.06139649 0.10770116 0.09611082 -0.05998367 0.19571933 0.21871164 0.036541168 -0.12598488 0.0431548 -0.1087151 -0.14942299 0.11117327 -0.17421259 0.04467268 0.14897346 0.105858 0.079072244 -0.006098348 0.0037132842 0.20165877 -0.19819242 -0.33812007 -0.19907442 0.10994262 -0.07743872 -0.11226504 0.11301891 -0.040186998 0.11392369 -0.09357535 -0.16909079 0.199185 0.3084325 -0.08654427 0.07737861 0.09531714 -0.17229092 0.056855455 0.2667409 -0.21710509 -0.034148574 -0.10725318 -0.060474575 0.20313959 0.027319683 -0.20627986 -0.1064854 0.034596838 -0.15360743 -0.19892222 -0.06238796 -0.13410659 0.03413262 0.14023282 0.10064562 0.1010838 -0.1672983 -0.05041951 -0.1566096 0.10413236 0.047888137 0.010846497 -0.0206836 -0.11193682 -0.17143527 -0.1419253 0.024093142 -0.005674654 0.040225938 -0.046264622 -0.032337777 -0.10495523 0.20017695 -0.021660868 -0.031928256 -0.12582712 0.103096485
USA -0.013561667 -0.19509451 0.16681778 0.056564495 -0.05336838 -0.21126741 -0.108581476 0.03515412 0.09710038 -0.03354345 0.20804787 -0.012989454 0.07011662 -0.13566554 0.05416423 0.050190497 -0.055453252 0.022545777 -0.078050464 -0.13444561 0.11151169 0.18705198 -0.0071585607 -0.13656472 0.0007328454 -0.031103706 -0.13945618 0.05888359 -0.076812916 0.07235845 -0.15837723 -0.030831812 0.018108582 0.0070145335 0.063280426 0.06549473 0.211522 -0.04327988 0.29138434 -0.045333426 -0.06416212 -0.026594605 -0.103385806 -0.022390973 0.07868415 -0.027123952 -0.0080251675 0.006931861 -0.001492523 0.13594887 0.1582102 0.11007671 -0.02308136 0.09162138 -0.007844359 0.059916858 0.11409193 0.09607356 -0.1114271 0.2867899 -0.1007302 -0.07035869 0.10344879 -0.11149333 0.029383516 0.04831223 0.04102738 0.10909681 0.012721765 -0.024160758 0.03833724 -0.13375972 -0.16091768 -0.19722402 0.088286266 -0.2009098 0.100668624 0.01824666 0.06437105 0.043760996 -0.019596523 -0.111810796 0.1774399 0.35469216 0.0020222797 0.17590834 0.13827059 -0.053417996 -0.112025335 0.13784711 -0.18412574 0.032928996 -0.023765935 -0.109641 0.18284261 0.03633975 -0.004753578 -0.20297457 -0.03728109 -0.14752007 -0.20559318 0.019699574 0.063608825 0.08128007 0.04687943 -0.13192435 0.01339916 -0.037354868 0.020892866 -0.1497715 0.026258918 0.06301945 -0.015619327 0.13714047 -0.14449385 -0.0834556 -0.12972397 0.07796117 -0.016293531 0.0056657568 -0.12588313 -0.10309326 0.066874444 0.013895977 0.05971582 0.09341672 -0.05324271 0.053092103
NLD 0.10445022 -0.2623468 0.3136621 0.020379048 0.00052366604 -0.29013842 0.005898852 -0.008709952 0.054224525 -0.13564248 0.23470509 -0.092206866 -0.026812801 -0.15499003 0.24328217 0.08229177 -0.050705243 0.014288542 -0.05540407 0.110127866 0.097831964 0.22585857 -0.055248246 -0.03364283 0.00057385967 0.1236263 -0.06766161 0.10947784 0.1119664 0.041870996 -0.30771732 0.014807332 0.060874045 0.07592857 0.00882485 0.06248347 0.23351431 0.0038650602 0.32909104 -0.022817621 -0.12245648 0.024731386 -0.035650376 0.017076898 0.19307885 -0.031849828 -0.040743638 -0.003108486 -0.033738457 0.12524673 0.104905285 0.04406559 0.0823969 0.09630058 -0.043361723 0.15085262 0.21396157 0.053029787 -0.13166541 0.066416696 -0.11118434 -0.13639241 0.107663326 -0.169721 0.052561987 0.10036719 0.08674449 0.07127806 -0.0068388176 -0.00708016 0.17193827 -0.17934468 -0.29374412 -0.18040453 0.068723224 -0.08909794 -0.06769278 0.0664654 -0.033848688 0.098898605 -0.08715231 -0.14448054 0.15656999 0.2973021 -0.059226193 0.079388194 0.081548475 -0.15143117 0.039673757 0.22323324 -0.20106176 -0.05154168 -0.088138096 -0.058565237 0.17920846 -0.0034590967 -0.16285379 -0.10685455 0.02133405 -0.14612867 -0.2013578 -0.052477304 -0.10836178 0.03826207 0.13315919 0.039856672 0.07877532 -0.15399909 -0.01731588 -0.1615918 0.08593103 0.044446606 -0.0014745446 -0.018109273 -0.12126906 -0.12508866 -0.11954346 0.04309074 -0.00026850303 0.020068502 -0.055571947 -0.056388345 -0.072117195 0.17820154 -0.041688684 -0.028740143 -0.12562582 0.085928105
ESP 0.084227115 -0.25764996 0.26636088 0.08057151 0.0033897513 -0.19733669 -0.04140725 -0.09279936 0.079812266 -0.1583442 0.17012365 -0.08871393 -0.010428953 -0.19492765 0.16437235 0.04250279 -0.086144954 0.07744021 -0.082490966 0.03821441 0.0384865 0.2476419 -0.025624549 -0.06705997 -0.009692648 0.03326347 -0.061342042 0.090308085 0.054165162 0.02714295 -0.24327447 0.045605596 0.04128482 0.04822296 0.04775184 0.06543846 0.26284292 0.05870695 0.33713484 0.05272778 -0.08696424 -0.03999869 -0.028873706 0.024847243 0.16662437 0.0058569442 0.019627145 -0.07902969 -0.032918073 0.14221732 0.116239734 0.08942764 0.04641777 0.08469933 -0.07737612 0.17617907 0.18958355 0.01463448 -0.15333293 0.05781273 -0.03741398 -0.12165773 0.16137601 -0.12726885 0.019582974 0.092695616 0.07058093 0.067478 0.008980065 -0.026014032 0.17060904 -0.1619768 -0.27513438 -0.14272624 0.09140741 -0.075014696 -0.06077808 0.07852843 -0.017023087 0.07136403 0.019758575 -0.07010048 0.19048786 0.2636283 -0.05598069 0.15660092 0.106706284 -0.1323139 0.012490934 0.20218028 -0.19110635 -0.0066632857 -0.0912909 -0.07227744 0.20401871 0.04370724 -0.12930895 -0.13334581 -0.00889831 -0.18436219 -0.128576 -0.042673204 -0.058820475 0.046657562 0.08979604 0.00646206 0.092693634 -0.15764953 -0.0027513695 -0.12052226 0.06736652 0.04277471 0.04505829 0.047407363 -0.11867736 -0.16423535 -0.114230655 0.022271559 -0.044273496 0.064063735 -0.015084003 0.00068860315 -0.053723622 0.18775833 0.041026566 0.023342272 -0.14057966 0.11746493
BGD -0.021710107 -0.10837782 0.11950093 0.07448696 -0.041009218 -0.13006188 -0.126733 -0.013960792 0.12369092 -0.018922362 0.21780384 -0.019370923 0.06442277 -0.14269567 -0.05582579 0.005007586 -0.027150821 0.0037983833 -0.14445738 -0.2791292 0.13155444 0.20905514 0.05454627 -0.2442512 -0.093919195 -0.17290013 -0.23553401 0.04077614 -0.15143125 0.13696441 -0.14854321 0.005871589 -0.08331604 0.006411603 0.072133444 0.030863147 0.22150996 0.004626465 0.28969917 0.0020629808 -0.0012629591 -0.065119654 -0.071948245 -0.02900848 0.004506428 -0.00983359 0.02453362 -0.06814231 -0.040524986 0.15473577 0.18102632 0.0857866 -0.085869625 0.091458745 -0.026970038 0.052405085 0.07757226 0.08058731 -0.18002519 0.32153434 -0.03374343 -0.063296944 0.09430932 -0.05107241 0.042153265 -0.055080764 -0.024027096 0.0991955 -0.015233672 -0.09152618 0.006805484 -0.11696536 -0.1638028 -0.18121691 0.056743667 -0.26510337 0.133109 -0.06965091 0.0807493 0.049601767 0.09691798 -0.018834034 0.1715122 0.30937672 0.0463219 0.22426762 0.15572746 -0.0019558787 -0.11668355 0.068568915 -0.16763023 -0.0081819305 -0.03121755 -0.10761526 0.19550921 0.011702551 0.07243532 -0.2498173 -0.11547124 -0.16916439 -0.18243138 0.071692035 0.12259833 0.09434412 0.014693406 -0.24429528 0.042464197 -0.059873413 0.0906846 -0.16213496 0.00027588755 0.06297101 0.046442118 0.18671119 -0.13035461 -0.027558126 -0.09519853 0.122839026 -0.008110717 -0.019575614 -0.075003095 -0.09917798 0.12467425 0.062150773 0.10128736 0.1458887 -0.06788914 0.032272268
OMN 0.088386945 -0.21145032 0.259105 0.009032439 0.00101373 -0.25778657 -0.00017798561 0.026958633 0.04891647 -0.08776815 0.23564959 -0.077579714 -0.031562127 -0.11152178 0.18987884 0.072296664 -0.024854409 -0.015847858 -0.07865525 0.028291695 0.15123758 0.21708572 -0.052109957 -0.07524805 -0.04126142 0.0881505 -0.12717906 0.095010296 0.07230092 0.07972963 -0.3109101 -0.004696067 0.038404282 0.067776725 0.003613256 0.048666928 0.19747502 -0.025890965 0.30016327 -0.034282584 -0.0968946 0.024035543 -0.05836395 0.008942205 0.13195054 -0.053079344 -0.053416036 0.010786595 -0.06318246 0.11215088 0.11637416 0.02953658 0.07496126 0.10981593 -0.019170897 0.10989923 0.18918167 0.0652479 -0.13673948 0.13666101 -0.112304255 -0.12397953 0.074645884 -0.12645881 0.049138665 0.05234336 0.05555542 0.09210401 -0.040050823 -0.037321996 0.13226353 -0.16343555 -0.25863424 -0.19440301 0.05530589 -0.12972163 -0.039569117 0.015690746 -0.015785644 0.084359646 -0.09732502 -0.15407458 0.14305075 0.30701867 -0.0424673 0.052320685 0.09490121 -0.12160689 0.039583825 0.19401297 -0.19514625 -0.057158083 -0.0795087 -0.056669146 0.17109649 -0.027969297 -0.120730594 -0.13982455 -0.0082674 -0.14636274 -0.21406133 -0.031804603 -0.084452495 0.029088158 0.11197136 -0.015727125 0.06713945 -0.12951404 0.027702127 -0.17128113 0.07288141 0.04898788 -0.007041109 0.0053447285 -0.13748287 -0.056951985 -0.11694645 0.08438264 0.03756263 0.0034620378 -0.06425043 -0.09127088 -0.030676194 0.17218703 -0.05744438 -0.021019705 -0.10457105 0.06469647
KOR 0.044335302 -0.17763178 0.2045748 0.025374295 -0.03599218 -0.2427427 -0.03795416 0.04986455 0.04419359 -0.02697928 0.23925628 -0.058646828 -0.010970039 -0.09327077 0.121045776 0.059851408 -0.03722582 -0.012673776 -0.07464197 -0.056345318 0.17465948 0.199165 -0.021896582 -0.114273414 -0.048049826 0.018068103 -0.17433475 0.0932355 -0.0018860966 0.090378165 -0.26327765 -0.023262212 0.025862118 0.030555705 0.02600099 0.037197486 0.1838641 -0.048966344 0.27224588 -0.048449986 -0.08017502 0.027516602 -0.08312479 -0.019259466 0.08831076 -0.04534988 -0.04981369 0.022660378 -0.043545965 0.13180758 0.14726551 0.044688378 0.03435576 0.09850594 -0.0047293073 0.090667956 0.13848582 0.08089639 -0.13268554 0.23721175 -0.11024978 -0.10339399 0.07242109 -0.101312324 0.04301226 0.035247676 0.046799462 0.09304675 -0.028135587 -0.05108129 0.068877794 -0.15480235 -0.20349102 -0.20132223 0.05535705 -0.18868868 0.028308898 -0.014136559 0.023040041 0.086850576 -0.07460132 -0.13576174 0.124240145 0.30315432 -0.011445428 0.0661105 0.122379944 -0.07698949 -0.004114239 0.15399589 -0.18395051 -0.04398924 -0.03871046 -0.0720399 0.17061657 -0.01267056 -0.06585493 -0.17180932 -0.03166809 -0.11929537 -0.23668976 0.009406576 -0.010698243 0.04206002 0.075840846 -0.07428438 0.050610892 -0.08085293 0.022591319 -0.18417425 0.052536625 0.041656528 -0.017212166 0.044005174 -0.13042559 -0.031068603 -0.084086455 0.105238594 0.042672224 -0.0020771588 -0.10266388 -0.10847384 0.0055606216 0.10464975 -0.025316218 0.010325022 -0.080749884 0.02802682
SGP -0.0070126443 -0.14824916 0.14604425 0.050951313 -0.059118178 -0.17573702 -0.10379504 0.036151152 0.082314 -0.007940605 0.21168539 -0.016215594 0.034658697 -0.115487844 0.006740444 0.031845104 -0.048830826 0.010274764 -0.102989644 -0.19746052 0.16994537 0.18986143 0.02369282 -0.17697714 -0.054485567 -0.1020808 -0.2206261 0.05809453 -0.09826245 0.10758285 -0.17068854 -0.013810232 -0.012939524 -0.01975567 0.0621353 0.030026352 0.2044121 -0.042683676 0.2791296 -0.038821734 -0.020312738 -0.014841606 -0.10114406 -0.03776072 0.030694053 -0.02449346 -0.004045402 -0.011233485 -0.020395616 0.14348061 0.17831926 0.082687475 -0.035827298 0.096957326 -0.0056387563 0.061018705 0.088993125 0.09685797 -0.13870434 0.32146803 -0.07218758 -0.08071802 0.079440005 -0.059666056 0.029528141 -0.007362515 0.015518785 0.11618137 -0.0067380327 -0.06499496 0.020476041 -0.13925207 -0.15831617 -0.20613995 0.06880295 -0.24903874 0.10799919 -0.041153908 0.08500834 0.070939265 0.017932635 -0.09718393 0.15513988 0.34099814 0.025056625 0.17395598 0.15359426 -0.029431526 -0.08557588 0.12001129 -0.19220763 0.009932276 -0.016893841 -0.11089713 0.18806148 0.0061217183 0.02809748 -0.22640572 -0.084239885 -0.14476296 -0.22360712 0.06841091 0.086646065 0.07416192 0.026604544 -0.17639013 0.04213763 -0.038253743 0.059489544 -0.18317278 0.023922693 0.04890283 -0.008907468 0.14279887 -0.13781573 -0.043350425 -0.09079114 0.12746122 0.021052465 -0.0009988843 -0.12076085 -0.11537357 0.08654143 0.034013517 0.044784255 0.10420593 -0.06665296 0.014493871
NZL 0.0057297796 -0.17226307 0.15443033 0.05128825 -0.044129845 -0.1883324 -0.10037065 0.02901425 0.09382692 -0.032895174 0.22193047 -0.026384767 0.030156247 -0.12577242 0.03330091 0.040677268 -0.04522175 0.004452695 -0.088941716 -0.1607016 0.12562762 0.17387834 0.015107672 -0.1498451 -0.033720277 -0.066088594 -0.171523 0.058850046 -0.073243275 0.09811871 -0.16362877 -0.021518366 -0.004197175 0.0016437283 0.06618728 0.04321111 0.21718553 -0.035831172 0.30929503 -0.025800154 -0.046514504 -0.035365757 -0.097071856 -0.031109018 0.066614665 -0.033504162 -0.006290119 -0.018820742 -0.023623059 0.13269588 0.15106565 0.07430194 -0.0261559 0.09486874 -0.0028874804 0.059933834 0.10329894 0.08308099 -0.13302858 0.27654484 -0.07741211 -0.07270279 0.09009445 -0.071090646 0.02792141 0.010466052 0.027462462 0.10932533 -0.013801906 -0.049951755 0.03850864 -0.1333125 -0.16250561 -0.1932171 0.06573902 -0.22520578 0.08543006 -0.014543981 0.06038101 0.05237733 0.007209599 -0.09109293 0.1546222 0.32135665 0.023329254 0.16418949 0.13407359 -0.036424365 -0.07901998 0.12931342 -0.17972153 0.0061349366 -0.02910808 -0.09858356 0.18283981 0.013736463 0.008985169 -0.19837844 -0.05329734 -0.14478509 -0.19237709 0.03636872 0.049143407 0.06881184 0.039104555 -0.14778657 0.035169303 -0.048626225 0.03726747 -0.17106335 0.025761256 0.056491207 -0.0063855005 0.13114576 -0.12529777 -0.04733938 -0.09975751 0.09403284 0.0072100805 0.005019666 -0.10346083 -0.09992321 0.064057946 0.05573687 0.049444668 0.08381945 -0.06070098 0.030466473
FIN 0.016213976 -0.1282764 0.16937067 0.051065564 -0.027379027 -0.1503706 -0.083136596 -0.015822593 0.09132245 -0.04751437 0.20471843 -0.048565067 0.0037995118 -0.15361518 0.019762166 0.023956038 -0.028999671 0.02124036 -0.119086094 -0.14204425 0.0912191 0.19982801 0.028743017 -0.15929835 -0.07682501 -0.105751745 -0.17243703 0.058598563 -0.08577474 0.105741896 -0.18012421 0.0077000055 -0.052933894 0.018127216 0.046308596 0.043270927 0.23615363 0.02203547 0.3039667 0.0053827562 -0.04075922 -0.0454484 -0.049209375 -0.018092832 0.050526522 -0.002042878 0.020482434 -0.059738927 -0.05154417 0.13391067 0.14986224 0.06684366 -0.017676387 0.0884864 -0.02058416 0.09824169 0.12765071 0.057051886 -0.1570882 0.21511324 -0.043327812 -0.08800544 0.09059178 -0.09145915 0.054765664 -0.0012376704 -0.0012499486 0.08735963 -0.041554667 -0.08544958 0.07579358 -0.15110257 -0.22708839 -0.18383321 0.05141732 -0.22949779 0.055235296 -0.023311993 0.039168607 0.08400653 0.0574735 -0.04460077 0.16874878 0.28222063 0.013652725 0.19469269 0.14483607 -0.052593857 -0.053418662 0.12821744 -0.1858701 -0.022105753 -0.040999584 -0.090208344 0.19901891 0.012642594 -0.014238562 -0.1929468 -0.06432592 -0.17093892 -0.18879914 0.02842592 0.04076385 0.073515266 0.05190077 -0.15301065 0.05435549 -0.0989047 0.04076129 -0.18410864 0.028956693 0.053296696 0.044215124 0.13293272 -0.10377615 -0.075422294 -0.09133876 0.10057572 -0.0107933935 0.00041591344 -0.054390837 -0.08533451 0.053422358 0.11343622 0.052212257 0.08041256 -0.075538084 0.043713793
FRA 0.07534842 -0.22131552 0.2570303 0.01763581 -0.0131916525 -0.25726202 -0.027312154 0.020610496 0.052988954 -0.06136354 0.22811864 -0.08011488 -0.029168224 -0.12092319 0.17916769 0.06891784 -0.03826706 0.0155354 -0.062163256 0.021620002 0.13568798 0.218491 -0.048293363 -0.060213838 -0.016776267 0.087758616 -0.118230395 0.08803424 0.06965719 0.052890286 -0.26238653 0.003894791 0.045349922 0.069096304 0.020901946 0.049830835 0.24691291 -0.036970787 0.33497742 -0.01594814 -0.12766951 0.0025438715 -0.078967676 -0.007252366 0.14135806 -0.058690228 -0.04879459 0.007108242 -0.057037212 0.11771683 0.12406447 0.042991325 0.067324035 0.105774246 -0.016794069 0.14594351 0.17139784 0.071091495 -0.13482293 0.16850477 -0.11825343 -0.10743444 0.099745676 -0.11213079 0.051372614 0.071296275 0.08715845 0.073629774 -0.022555236 -0.037399475 0.10742043 -0.13007402 -0.23022148 -0.17262326 0.06536308 -0.13148116 -0.018991947 0.03533285 0.0044673826 0.066066764 -0.09676688 -0.15598962 0.13724838 0.30063775 -0.044534773 0.075942315 0.1029846 -0.10476987 0.0078123133 0.20542766 -0.18022338 -0.04056027 -0.058932252 -0.07511071 0.18897372 -0.00057143666 -0.11789187 -0.14782229 0.007143289 -0.122551166 -0.19602929 -0.027244892 -0.064569764 0.029811911 0.08599571 -0.015242535 0.04251781 -0.10778517 -0.0021246935 -0.15594234 0.06819459 0.023397824 -0.012998443 0.029137544 -0.13071316 -0.06886685 -0.11234576 0.07188849 0.021771425 0.022138864 -0.07814213 -0.09605202 -0.03314481 0.13382761 -0.03394157 -0.0012330719 -0.10651159 0.07460824
TUR 0.043493066 -0.18496948 0.191737 0.10227088 0.008521575 -0.13165475 -0.076390915 -0.08363614 0.12616344 -0.11024908 0.17325164 -0.08608186 0.022481 -0.19116275 0.060693827 0.009545166 -0.042978946 0.049458176 -0.14341372 -0.09288003 0.016347062 0.24357642 0.034421723 -0.14336845 -0.056192413 -0.05771131 -0.10624252 0.03093068 -0.038201723 0.0704202 -0.18006611 0.050479583 -0.046196725 0.07484581 0.04459359 0.053885516 0.28912437 0.055059344 0.33935326 0.06453756 -0.071991354 -0.08471804 -0.013732995 -0.00060599355 0.09284395 -0.003910855 0.013313754 -0.091123566 -0.03761472 0.1269393 0.113804854 0.07987565 0.00024565533 0.09727022 -0.08417233 0.15934461 0.13822673 0.031769574 -0.17248796 0.122851975 -0.022852559 -0.101143494 0.14642605 -0.08452964 0.05641427 0.03328128 0.023021992 0.054049365 -0.030787421 -0.084016226 0.10813647 -0.1307135 -0.25748906 -0.12057623 0.064907975 -0.16992813 0.014830625 0.012405612 0.012843896 0.05653869 0.08541669 -0.006005113 0.17445594 0.23445715 -0.023933344 0.20065586 0.1278168 -0.036306717 -0.04178358 0.14505263 -0.12489142 -0.020799607 -0.06565728 -0.07671687 0.20631193 0.031189805 -0.05485825 -0.15840289 -0.040841408 -0.17656015 -0.10802935 -0.022825172 0.009762706 0.073175676 0.060019027 -0.1042815 0.052856293 -0.118990816 0.03665277 -0.11525125 0.0448206 0.05020876 0.08386825 0.12884551 -0.09550758 -0.11178889 -0.10539837 0.03616526 -0.046060696 0.01678327 -0.007565245 -0.052031163 0.0365682 0.15490812 0.08944487 0.07441323 -0.10259515 0.09721046
THA -0.0066548116 -0.140086 0.14902224 0.032209426 -0.053844564 -0.18143135 -0.087411664 0.049425136 0.06503349 0.008769399 0.21044312 -0.026616773 0.026972616 -0.084963754 0.0151520725 0.033189997 -0.059736624 0.019434553 -0.09456126 -0.1722331 0.18961512 0.1783698 0.0032141686 -0.16536492 -0.054239877 -0.0886468 -0.22527972 0.07069243 -0.07995497 0.11422923 -0.19705403 -0.0100164255 0.0066452227 -0.017598554 0.063976295 0.027379652 0.19167185 -0.04585768 0.2674976 -0.04466034 -0.041619215 0.0012447141 -0.11142807 -0.04396299 0.026231263 -0.020604823 -0.020279868 -0.009774742 -0.023327611 0.13743837 0.17175569 0.0844509 -0.030775068 0.10435026 0.0024403036 0.059073746 0.090518065 0.09529656 -0.13880979 0.31911653 -0.08118534 -0.090038344 0.07775483 -0.06999349 0.029304134 0.008483102 0.019576514 0.124890245 -0.013397248 -0.05762795 0.012198049 -0.14634082 -0.17535639 -0.21643974 0.07748571 -0.25713018 0.08918754 -0.03632041 0.06815964 0.07308841 -0.009041634 -0.1112994 0.1565272 0.33355135 0.033844892 0.14575496 0.14440732 -0.046653092 -0.081012234 0.121456444 -0.1960014 0.008011438 -0.024380125 -0.095296524 0.18214461 -0.0031147215 0.009584947 -0.22614206 -0.07746423 -0.1436709 -0.24205819 0.0635839 0.062308114 0.05681992 0.030181652 -0.14879164 0.038201623 -0.044659253 0.052865762 -0.19883685 0.03462505 0.04748038 -0.010951881 0.124268554 -0.12696335 -0.033902537 -0.08955217 0.13131888 0.025627794 0.0037070725 -0.11465117 -0.11445239 0.08116421 0.046158966 0.029010974 0.09139701 -0.06273781 0.014899595
CYP 0.008589904 -0.063710794 0.11398347 0.14368524 0.00023847926 -0.03398527 -0.09899898 -0.12945524 0.18662386 -0.11574171 0.21865234 -0.05562614 0.06624395 -0.24731341 -0.068608746 -0.025870005 -0.012796352 0.005760235 -0.25098047 -0.27744487 0.0013184106 0.26492557 0.08798032 -0.30049285 -0.17640953 -0.2732761 -0.19569866 0.026398676 -0.20818157 0.19015135 -0.14166874 0.04752341 -0.18082167 0.06357607 0.048773155 0.037043303 0.3011356 0.14578088 0.35097367 0.08790231 0.0059184963 -0.13846841 0.041242942 0.017758463 0.024549969 0.028005635 0.07995426 -0.14995809 -0.07468375 0.1846202 0.15940516 0.070832275 -0.099369794 0.10201955 -0.1025513 0.15228121 0.12521084 0.028343039 -0.2705927 0.22675025 0.00032144622 -0.08731906 0.1253851 -0.0920836 0.06643977 -0.076887906 -0.11243582 0.03584588 -0.08498471 -0.15112485 0.08999803 -0.14611669 -0.28048322 -0.120644 0.02572313 -0.27315518 0.106896825 -0.10651227 0.08474302 0.07871577 0.25634253 0.11997307 0.22546446 0.24065472 0.0054269633 0.32967234 0.17246205 0.01979837 -0.08055737 0.032497194 -0.14093374 -0.055303413 -0.06015313 -0.08345146 0.23697923 0.032555 0.056039706 -0.19539425 -0.12891172 -0.22113605 -0.13940352 0.048199736 0.12215866 0.12982649 0.012308701 -0.25803912 0.10187074 -0.15506834 0.0856884 -0.15348026 -0.0019530114 0.109126054 0.15066664 0.23267508 -0.05984969 -0.11082907 -0.07635616 0.07751279 -0.09214714 -0.049585693 0.041579925 -0.07625731 0.13489124 0.19279972 0.16668291 0.16717973 -0.069045976 0.06886772
JPN -0.024338633 -0.13185786 0.13932733 0.054379143 -0.05090421 -0.17439424 -0.118938476 0.045069955 0.10185292 -0.003908391 0.22859687 -0.028115103 0.043868564 -0.1353901 -0.01794646 0.024040235 -0.028607614 -0.0049667046 -0.10884572 -0.22040784 0.14165716 0.1694326 0.030349463 -0.18707995 -0.06421421 -0.12219498 -0.2125593 0.05251202 -0.13780597 0.13221785 -0.14538628 -0.027739577 -0.04932025 -0.0130113745 0.0630891 0.027007023 0.21529436 -0.03936739 0.2944247 -0.040806137 -0.017273301 -0.03465507 -0.10732536 -0.028892642 0.017167637 -0.022231184 0.0018585974 -0.021329815 -0.032203928 0.12804648 0.17889425 0.089171685 -0.0583312 0.09593913 0.003584934 0.03602258 0.0940534 0.09557812 -0.13563304 0.3382479 -0.07455233 -0.07325066 0.08624214 -0.06869091 0.033480883 -0.021948988 -0.0055865133 0.112032525 -0.01428764 -0.064824685 0.009516864 -0.1376028 -0.1661111 -0.20266296 0.05505557 -0.27825755 0.13180391 -0.04957418 0.08113974 0.055906028 0.028270686 -0.069586806 0.1663137 0.330881 0.03718141 0.18765986 0.1603387 -0.0009107556 -0.10619735 0.10178499 -0.18375139 0.0028497705 -0.028651355 -0.10992204 0.18784577 -0.0032940255 0.048218336 -0.22898504 -0.09649831 -0.14547616 -0.2115553 0.07035751 0.09704189 0.09277515 0.034134477 -0.20862342 0.026620343 -0.051413704 0.058586493 -0.18192232 0.018906808 0.057335243 -0.0031671892 0.16852057 -0.13555081 -0.021534078 -0.09301742 0.11885693 0.008604314 -0.014435586 -0.119276136 -0.12835157 0.11679361 0.038600236 0.06550365 0.10710414 -0.05573712 0.02207839
ROU 0.007814761 -0.09594937 0.1190818 0.07574934 -0.018842246 -0.08638627 -0.099613875 -0.054272167 0.12610266 -0.055565562 0.19499154 -0.055206176 0.025428215 -0.17279431 -0.031133197 -0.010719015 -0.013938276 0.0123779755 -0.16296262 -0.24070275 0.08081125 0.22279827 0.058969263 -0.22486429 -0.11573208 -0.16664511 -0.20923786 0.035544135 -0.12443627 0.13546978 -0.15365535 0.024773415 -0.097758844 0.023472458 0.04918204 0.031587705 0.24949662 0.050772898 0.30542547 0.04205318 -0.01680715 -0.081306145 -0.040675323 -0.017942633 0.025539218 0.00429721 0.036644038 -0.09981658 -0.06406966 0.13466737 0.14759658 0.065026954 -0.055792622 0.10232085 -0.0376463 0.10579924 0.10099427 0.048501182 -0.19502121 0.22904359 -0.0072040763 -0.08601444 0.0995188 -0.04863266 0.0666563 -0.039559025 -0.025240941 0.06913743 -0.052445658 -0.12490368 0.053508483 -0.14347875 -0.22504264 -0.15137666 0.049215745 -0.2526774 0.08669473 -0.050369658 0.06272506 0.06241647 0.117690526 0.011968233 0.16617554 0.2603872 0.027832929 0.2367774 0.14564604 -0.010684749 -0.06890672 0.08855201 -0.17399774 -0.019371754 -0.050401773 -0.08829781 0.21880834 0.010909936 0.03094579 -0.21352986 -0.10491756 -0.1814599 -0.16817006 0.03707688 0.09086229 0.08575819 0.028395956 -0.21946771 0.054181274 -0.11756113 0.07855018 -0.17102177 0.018938906 0.05946762 0.079394184 0.1822139 -0.09674528 -0.04578733 -0.093681246 0.096636504 -0.02832299 -0.0052118264 -0.027915051 -0.08904802 0.09767681 0.1372323 0.08658215 0.10861292 -0.07815412 0.04290803
KWT 0.09034144 -0.24281226 0.29504994 0.019269353 -0.01645276 -0.26212513 -0.00089852815 -0.011456267 0.05705967 -0.120479144 0.20860681 -0.08117634 -0.038797 -0.15089941 0.20642312 0.069098026 -0.06494065 0.039471485 -0.04300235 0.10399007 0.09513555 0.20319362 -0.057001762 -0.028827067 -0.004311096 0.09458679 -0.07846753 0.10643178 0.10099034 0.046992786 -0.29703894 0.032458816 0.06366305 0.052608043 0.025164759 0.06816654 0.22377849 0.0019181159 0.2961722 -0.0114860665 -0.10585941 0.038371995 -0.030607197 0.008039093 0.15157177 -0.016715981 -0.0385413 -0.010056365 -0.029633576 0.11965586 0.10910705 0.03604393 0.07163164 0.09041476 -0.040415276 0.14349993 0.18581364 0.04615274 -0.12528406 0.06760062 -0.10265851 -0.14358453 0.098007776 -0.16886695 0.03946634 0.10877103 0.07258733 0.08104762 -0.019995896 -0.011689745 0.16641808 -0.20215707 -0.31310308 -0.19610779 0.07872416 -0.1178776 -0.072175816 0.054259572 -0.032774992 0.10137989 -0.07267186 -0.14259116 0.15509419 0.27825284 -0.048969116 0.068973094 0.09426778 -0.15156518 0.045306236 0.22326882 -0.1982266 -0.026583593 -0.075100005 -0.0519151 0.18722408 -0.0026222288 -0.16104735 -0.12403302 0.0075335144 -0.15471852 -0.2075236 -0.03645526 -0.09166458 0.030858919 0.12865676 0.030614354 0.0843139 -0.1409222 -0.01572347 -0.16871034 0.08228518 0.03551518 0.0022979705 -0.007124202 -0.11297025 -0.12681274 -0.105287686 0.052820954 -0.002868681 0.030166645 -0.047137152 -0.052891765 -0.06702283 0.17449854 -0.03443075 -0.023396617 -0.11543682 0.07708549
IND -0.007777601 -0.08184946 0.11002398 0.071750425 -0.026310502 -0.115664855 -0.0985272 -0.008942987 0.10336276 -0.016672416 0.21224205 -0.02303681 0.027351389 -0.1354174 -0.046177175 0.007111463 -0.019582985 -0.002475459 -0.14584704 -0.2599931 0.13390833 0.22119415 0.04764932 -0.23655063 -0.09914168 -0.18179305 -0.24084906 0.04105561 -0.1476425 0.15285191 -0.15114541 0.007199661 -0.06986526 0.012486013 0.06492937 0.027340323 0.22733366 0.018402455 0.2942342 0.014888629 -0.011743915 -0.055138394 -0.05456532 -0.02032013 -0.0058991066 -0.0068281842 0.016983485 -0.057684988 -0.06126161 0.14239636 0.16812092 0.08045155 -0.062009983 0.09669316 -0.015164757 0.071040496 0.08388893 0.062328294 -0.17599936 0.30053192 -0.03137136 -0.0790376 0.07865067 -0.038147014 0.04824741 -0.055413675 -0.022386318 0.09774947 -0.05400903 -0.0995905 0.015954949 -0.13320482 -0.17331706 -0.17402346 0.038785037 -0.271153 0.10568174 -0.07612199 0.07122809 0.07008653 0.089878015 -0.010838482 0.14811227 0.29242694 0.034857277 0.20995846 0.16230035 -0.006577005 -0.08307028 0.0716247 -0.1702096 -0.025611814 -0.022787074 -0.100423284 0.19619054 -0.0077422275 0.0550465 -0.2278779 -0.11348934 -0.16961433 -0.19635509 0.061443575 0.102330945 0.085441984 0.008147894 -0.23496313 0.060630266 -0.07352506 0.088825405 -0.1754508 0.016057884 0.0580089 0.037139814 0.17272528 -0.11694537 -0.020751998 -0.070379496 0.12303033 0.00045717938 -0.008278028 -0.055975627 -0.09695027 0.12067275 0.08472484 0.06946972 0.11367779 -0.060359433 0.019562066
PRT 0.018837377 -0.16089353 0.14975402 0.09208554 -0.026848335 -0.16371313 -0.08382109 -0.023417674 0.10355825 -0.060553007 0.19782284 -0.033067986 0.055621084 -0.1406599 0.035199303 0.03534298 -0.047391422 0.022625592 -0.13299663 -0.15338777 0.099397756 0.20720941 0.008339297 -0.17281897 -0.052068982 -0.092287764 -0.16536853 0.049849305 -0.08627622 0.1052525 -0.16127644 0.00964791 -0.027418366 0.033515323 0.06788716 0.044334993 0.23814605 0.0030616417 0.31844518 0.014668858 -0.038450334 -0.046697985 -0.051087897 -0.0031791972 0.059630502 -0.02339784 0.004116881 -0.03234368 -0.040542282 0.14045969 0.16298196 0.08242069 -0.018913675 0.09087789 -0.036393657 0.10340628 0.11987862 0.07265773 -0.17026138 0.25600705 -0.07598075 -0.07177303 0.11064651 -0.078313924 0.026546637 0.009093075 0.005631619 0.08661464 -0.020580998 -0.065662056 0.04899803 -0.13384643 -0.20077382 -0.17103723 0.06759907 -0.20525086 0.08083721 -0.012695244 0.055933174 0.04693753 0.058335666 -0.050063737 0.176112 0.30217707 0.0035426517 0.19610377 0.14268377 -0.028451506 -0.083706155 0.12034145 -0.15321146 -0.0061470913 -0.045871116 -0.09672541 0.19007905 0.0138417715 0.00356057 -0.19590089 -0.06537865 -0.15554807 -0.17373224 0.02157309 0.04621359 0.079319276 0.0413901 -0.14228086 0.047114376 -0.07309611 0.052909072 -0.14765114 0.035702594 0.06158314 0.028793423 0.13198979 -0.12672998 -0.08514513 -0.1056462 0.08452795 -0.02896028 -0.014595275 -0.06976694 -0.082291655 0.06520432 0.091443025 0.08412847 0.10940464 -0.07830844 0.060377106
PRY -0.010191968 -0.01797661 0.07663423 0.14862143 0.017482746 0.0009759641 -0.10282882 -0.12958018 0.19560876 -0.11576984 0.23178595 -0.07242762 0.049874343 -0.2593511 -0.10600467 -0.05806078 0.0034610683 -0.040739488 -0.28414068 -0.33257917 -0.026058752 0.25716013 0.122814566 -0.32660335 -0.21640407 -0.31717527 -0.20880516 0.009963743 -0.23448817 0.20844427 -0.13901673 0.055930533 -0.23247209 0.06874311 0.03642485 0.020274632 0.30255306 0.17493941 0.34647703 0.086020984 0.03702971 -0.14502336 0.03887988 0.024734864 0.00890754 0.045095075 0.09052993 -0.16360705 -0.078880295 0.180769 0.13865218 0.054627195 -0.13175347 0.09551781 -0.114219025 0.12545212 0.1198178 0.01929487 -0.2750733 0.19332467 0.031606287 -0.1028372 0.13083164 -0.07465345 0.095477514 -0.10604773 -0.1506129 0.033228304 -0.09328797 -0.19023828 0.09612971 -0.15038612 -0.29993302 -0.11564897 -0.0036174604 -0.31248847 0.10644219 -0.144584 0.09089025 0.08333233 0.28993618 0.15669762 0.21122754 0.2022777 0.010830468 0.34710425 0.18242487 0.06954396 -0.07911986 0.019162398 -0.111455604 -0.07122996 -0.05927199 -0.08087669 0.22940826 0.005943171 0.0895449 -0.19410756 -0.13937242 -0.22256781 -0.13161337 0.08055716 0.124801934 0.122353934 0.018040663 -0.3119544 0.091863155 -0.15903704 0.09857056 -0.15647778 -0.002332921 0.11046944 0.1756943 0.23551488 -0.037283253 -0.09175987 -0.050112505 0.091721795 -0.08525514 -0.06416184 0.057235274 -0.10670678 0.165645 0.2112879 0.17441851 0.17709658 -0.061212897 0.06679305
CHN -0.019677313 -0.18743189 0.16114691 0.05693557 -0.050385546 -0.19727412 -0.11945975 0.027558438 0.110109344 -0.039368223 0.22243236 -0.033376656 0.049865622 -0.15291509 0.022012295 0.037117235 -0.05555785 0.017645976 -0.08832677 -0.17172511 0.11939385 0.18261671 0.008232979 -0.14983244 -0.016618041 -0.06431467 -0.16478455 0.04736484 -0.082566194 0.09385599 -0.14363703 -0.021539502 -0.015620417 -0.0013846041 0.067083605 0.06034168 0.22967343 -0.034130298 0.3187149 -0.032607615 -0.044987716 -0.04168322 -0.10741328 -0.02252661 0.062279828 -0.025734946 -0.004335247 -0.01772814 -0.014299134 0.12601551 0.16727917 0.10242531 -0.043819577 0.088119216 -0.016146025 0.06276888 0.10185295 0.088428706 -0.11359583 0.28779805 -0.075984 -0.07154597 0.10468404 -0.08824545 0.03229055 0.026738606 0.033932205 0.10792359 0.0111507755 -0.04819818 0.023895048 -0.14370288 -0.17527634 -0.20246862 0.07722189 -0.22762981 0.11633274 0.013189172 0.074642114 0.047553435 -0.0004967669 -0.08632428 0.17134531 0.32329944 0.02040154 0.17529234 0.14049377 -0.031965103 -0.10714681 0.12974514 -0.17966391 0.02958661 -0.03676088 -0.117258325 0.18952826 0.020555248 0.019177208 -0.20927168 -0.061940737 -0.15050817 -0.19035277 0.04520113 0.06339264 0.07665654 0.04473012 -0.15342739 0.011716998 -0.051661868 0.035886012 -0.15436281 0.02828731 0.056759007 -0.0067540174 0.14936477 -0.13567813 -0.06494347 -0.124323085 0.085220985 -4.0176496e-05 0.0030066916 -0.11626803 -0.09862531 0.070852116 0.025753407 0.062539496 0.105779886 -0.065263286 0.04769592
DZA 0.01101016 -0.0055604414 0.08093787 0.18248588 0.028554253 0.042296197 -0.105683506 -0.16856642 0.21702652 -0.13235271 0.22893366 -0.0723443 0.056451038 -0.30252066 -0.1214375 -0.06988733 0.017646305 -0.04048321 -0.33277556 -0.34481525 -0.05688976 0.3050566 0.14147367 -0.38305524 -0.25010788 -0.36511883 -0.21790555 0.007116669 -0.27251396 0.24944568 -0.16918147 0.08637969 -0.27847475 0.09411639 0.030270787 0.011358041 0.32316917 0.21369037 0.35339445 0.11199049 0.033286553 -0.17640238 0.07916034 0.05064186 0.009371305 0.056090824 0.0985815 -0.18757555 -0.10514907 0.20549442 0.16058344 0.054019805 -0.14259894 0.09343561 -0.1408864 0.17092666 0.14044486 0.011339847 -0.3102995 0.1843513 0.035013698 -0.110517256 0.13719001 -0.09920386 0.10864762 -0.12605362 -0.18381128 0.026623163 -0.12267207 -0.21344188 0.11452906 -0.15244187 -0.34555742 -0.10443195 -0.020250471 -0.31283385 0.10446941 -0.16212016 0.09535783 0.08660872 0.35859096 0.20917118 0.23685421 0.19421391 0.007758257 0.3962291 0.20963003 0.07219589 -0.07982929 -0.0014293686 -0.110298544 -0.096806034 -0.0700916 -0.08878642 0.25203806 0.0227531 0.0912454 -0.20483565 -0.14381595 -0.2564935 -0.11329174 0.074631356 0.14664766 0.15208343 0.015542606 -0.3277477 0.12001478 -0.1999327 0.10357529 -0.16259272 -0.017094407 0.13234827 0.21634614 0.2604145 -0.020942422 -0.11076216 -0.05398995 0.09915473 -0.121661216 -0.0810783 0.10395598 -0.10487719 0.19238949 0.2560373 0.20229861 0.20503503 -0.054875445 0.07175012
MEX 0.10389505 -0.2953401 0.3149309 0.056153342 0.0044518337 -0.24271607 -0.022086605 -0.07428954 0.06432353 -0.1799293 0.17188275 -0.092017144 -0.04658534 -0.1860975 0.24281289 0.07413969 -0.09036724 0.07712606 -0.04759599 0.13884787 0.04622584 0.25049695 -0.06477125 -0.019378448 0.015331356 0.10442989 -0.04665467 0.107851975 0.13994256 0.002184189 -0.29934978 0.048604127 0.07024374 0.05706549 0.04219531 0.07826655 0.27930796 0.040796272 0.37603137 0.04506753 -0.10735406 -0.012751823 -0.023295052 0.026022408 0.20525499 -0.00014305708 -0.004220184 -0.06747978 -0.022155412 0.1249292 0.10932112 0.06684738 0.07593176 0.09105617 -0.06485678 0.1979358 0.221374 0.0138773145 -0.15215856 0.0057690474 -0.059560854 -0.1509683 0.15113737 -0.14645766 0.032924384 0.14223646 0.11031183 0.08297161 0.014477941 -0.026351938 0.21712868 -0.2010079 -0.33041516 -0.18478513 0.101150945 -0.05077934 -0.114300095 0.095988154 -0.046577103 0.08747362 -0.045725845 -0.1110438 0.19863567 0.28247848 -0.08374725 0.110046424 0.08551033 -0.16897842 0.065389484 0.2541831 -0.22194977 -0.035946354 -0.114099234 -0.06872824 0.21530029 0.01690186 -0.18823 -0.10639121 0.02932032 -0.17875578 -0.1491998 -0.052560337 -0.12142614 0.026193412 0.12665695 0.07651854 0.111187264 -0.1848163 -0.004458843 -0.13696675 0.09366813 0.03431739 0.033229552 -0.0035656034 -0.1336766 -0.16067238 -0.13723056 0.015003591 -0.017869877 0.073659144 -0.02071212 0.00026682563 -0.09071583 0.22776686 -0.016479645 -0.011139029 -0.16624482 0.11076787
PHL -0.032746647 -0.1552205 0.13484187 0.065147676 -0.058049537 -0.17920683 -0.14158419 0.03981358 0.12342472 0.0068757082 0.22287501 -0.021703353 0.07004518 -0.144514 -0.029301481 0.030639222 -0.052549355 0.010455886 -0.104172975 -0.25690335 0.15095128 0.17509605 0.03922893 -0.18922159 -0.045659706 -0.13418652 -0.21879905 0.044109162 -0.14726567 0.12590905 -0.13205618 -0.024595458 -0.044384643 -0.010272157 0.080218434 0.042975154 0.25016907 -0.041900296 0.34176877 -0.037367627 -0.02987668 -0.03879551 -0.13215075 -0.03674982 0.01593133 -0.01429389 0.0070789773 -0.011399809 -0.0134896245 0.14153445 0.1791296 0.099196605 -0.07048837 0.092885554 0.0010179656 0.029243305 0.07776114 0.10439865 -0.12535879 0.3585423 -0.07206122 -0.06818766 0.08257945 -0.052684866 0.03759526 -0.009629167 0.00645333 0.121674515 0.00044860598 -0.0649272 -0.009459967 -0.14240977 -0.1569766 -0.23006804 0.08089268 -0.2823582 0.15244202 -0.035994213 0.088694125 0.045091677 0.033589356 -0.08124565 0.1725199 0.3725229 0.029668886 0.21469142 0.1752735 -0.0033101414 -0.1352709 0.120019384 -0.1910448 0.016591141 -0.012467107 -0.13231309 0.1915765 0.0042872117 0.057606753 -0.25750387 -0.09921619 -0.16200274 -0.21281365 0.077522695 0.12262349 0.09201837 0.027177606 -0.22752962 0.015027749 -0.03122429 0.069226556 -0.1847082 0.015157253 0.050258264 0.008598208 0.17675953 -0.14254323 -0.033658445 -0.119025014 0.12223163 0.0049743373 -0.015729625 -0.13507465 -0.12859493 0.12909193 0.022703962 0.07192622 0.1431541 -0.06557403 0.021354882
SWE 0.11152027 -0.28711984 0.34281442 0.015519689 -0.025242815 -0.3116781 0.0126118595 -0.004256807 0.04915781 -0.13519953 0.21301766 -0.09897911 -0.05408959 -0.15184852 0.25443855 0.09445401 -0.086537756 0.05797694 -0.04652991 0.1707168 0.105387434 0.22792083 -0.076401874 -0.016431687 0.013829343 0.1423922 -0.07214636 0.10397357 0.14701547 0.015491585 -0.33100066 0.030142102 0.08939039 0.07996046 0.011467955 0.068878 0.24070528 -0.021190425 0.31981778 -0.016881358 -0.15779781 0.0453952 -0.02951749 -0.00041177604 0.18848208 -0.029511996 -0.052294325 0.00050516083 -0.03122699 0.12582713 0.09915139 0.03100066 0.10601539 0.0975954 -0.037424944 0.19395103 0.21659179 0.03636802 -0.11932578 0.053668752 -0.12071386 -0.1549173 0.10057363 -0.18077031 0.038842812 0.14549954 0.119685754 0.083955385 -0.027262278 -0.00018484419 0.17387076 -0.1834988 -0.33746967 -0.18518868 0.0840702 -0.102383696 -0.10283675 0.087004006 -0.050660875 0.11148005 -0.113753945 -0.17739916 0.1707695 0.28847632 -0.066563554 0.053486183 0.08539168 -0.16271327 0.06549254 0.2638277 -0.19454432 -0.044996392 -0.08573218 -0.05377751 0.19526911 0.00088444224 -0.20174581 -0.09762242 0.029196683 -0.13237311 -0.20733657 -0.05842218 -0.13494647 0.015415582 0.14341877 0.09431116 0.079787605 -0.1418452 -0.04761913 -0.17588069 0.106838 0.033525445 -0.0019210599 -0.02105152 -0.11363788 -0.14591812 -0.12116833 0.035246752 0.009109939 0.036766678 -0.060094543 -0.051031556 -0.0967453 0.18217053 -0.038266905 -0.043589555 -0.12034283 0.090219244
BEL 0.1163209 -0.27459693 0.31912118 0.03159673 -0.004554161 -0.27188778 -0.004930784 -0.016969848 0.044304665 -0.13068075 0.20707348 -0.09859498 -0.052742988 -0.16431545 0.23772322 0.07871277 -0.06490255 0.055336457 -0.05656382 0.12926614 0.07660763 0.2227572 -0.04825137 -0.02221789 -0.0026193114 0.10483984 -0.06508043 0.09885726 0.10968529 0.027084792 -0.29782614 0.030658143 0.073268525 0.06722788 0.009785315 0.07524731 0.257054 0.0003060094 0.33821455 0.0015121023 -0.1331169 0.020714013 -0.0353088 0.011445274 0.19098173 -0.024629347 -0.03964592 -0.017146314 -0.03822733 0.1213621 0.116996825 0.03816846 0.086437665 0.09652346 -0.054202482 0.18115065 0.2093208 0.035276264 -0.12724674 0.05702541 -0.10125581 -0.14428163 0.11260288 -0.15037286 0.04973842 0.12887771 0.09566283 0.07254958 -0.006676969 -0.015887007 0.18521793 -0.19019909 -0.30892304 -0.19569367 0.09220113 -0.09800364 -0.09095009 0.08674718 -0.040759232 0.108045466 -0.08437752 -0.14767313 0.17442667 0.289221 -0.07164225 0.08292162 0.091371775 -0.15354125 0.059894983 0.24194169 -0.21223263 -0.037445374 -0.097679876 -0.06317675 0.2055345 0.015662082 -0.17129798 -0.115724936 0.029520085 -0.15793446 -0.18596558 -0.053353608 -0.117218964 0.028551443 0.11946118 0.053335 0.0913402 -0.1578168 -0.03538427 -0.17006405 0.08553063 0.03541361 0.013242079 -0.00853288 -0.10784323 -0.14074428 -0.11494859 0.04571681 0.008189066 0.041581113 -0.046921622 -0.0404355 -0.090523876 0.19914038 -0.02971239 -0.019060113 -0.13184883 0.094817825
ITA -0.03697235 -0.15407738 0.12685727 0.08310061 -0.058619067 -0.15871637 -0.14340499 0.01192579 0.13218431 -0.019752959 0.23959298 -0.02444074 0.063758016 -0.15736192 -0.034636892 0.023962675 -0.029678758 -0.00849828 -0.115424916 -0.25220686 0.09929246 0.1866086 0.03866198 -0.20699097 -0.055603832 -0.123169206 -0.19030441 0.03768067 -0.15047795 0.11683783 -0.10057423 -0.033124387 -0.06345464 0.0049138777 0.08473459 0.039679546 0.2484775 -0.015301114 0.3338664 -0.016344994 -0.0339955 -0.07462361 -0.10198045 -0.035032753 0.043317482 -0.030456666 0.0113969175 -0.036215287 -0.022225363 0.13522258 0.18236291 0.093878694 -0.07074299 0.09433783 -0.011718455 0.05656012 0.096002795 0.089559354 -0.14261353 0.34271726 -0.059819832 -0.05369121 0.102661796 -0.07235069 0.031730667 -0.022254622 -0.00978409 0.10306904 -0.0010373612 -0.07630944 0.010332009 -0.12056185 -0.14820074 -0.19009668 0.067261465 -0.26903835 0.15613271 -0.026661158 0.09144016 0.028121522 0.045578662 -0.053907853 0.17963363 0.33396268 0.038254518 0.22287984 0.15660582 0.009941517 -0.1378811 0.0859235 -0.16105917 0.011149034 -0.025330512 -0.12026607 0.19941692 0.016052002 0.07095348 -0.22009496 -0.0852853 -0.15150829 -0.17918102 0.04976553 0.115664445 0.10276291 0.021968221 -0.22544183 0.007878691 -0.0389457 0.058373522 -0.16150907 0.010957063 0.065436035 0.011723415 0.18866767 -0.12333208 -0.041105703 -0.09641134 0.09982767 -0.022906458 -0.013702409 -0.10912919 -0.10391684 0.11072277 0.02341117 0.085268736 0.13739301 -0.04536941 0.026542338
CHL -0.008475163 -0.15198377 0.160467 0.051367734 -0.051549926 -0.18768184 -0.104273126 0.042291995 0.08474609 -0.014370554 0.22492886 -0.04033987 0.033646137 -0.12912293 0.009633066 0.024681192 -0.040525615 -0.004907925 -0.09285642 -0.16876757 0.14958508 0.17601182 0.02584648 -0.16635759 -0.043236088 -0.081274666 -0.19796453 0.064682774 -0.08681811 0.10574776 -0.18149084 -0.021402197 -0.02077412 -0.008078719 0.059385236 0.029433876 0.20902808 -0.041879434 0.27972904 -0.037684415 -0.045191184 -0.024416385 -0.09526794 -0.03367004 0.04285978 -0.015263762 -0.017616035 -0.005909226 -0.030634142 0.1357719 0.16180801 0.08020641 -0.04170267 0.09667479 -0.0076418812 0.05536774 0.09600806 0.0762556 -0.12750375 0.2923485 -0.077025756 -0.0917478 0.0830406 -0.08067233 0.03444583 0.0027315565 0.01572532 0.11753157 -0.02269923 -0.057628695 0.040138774 -0.15579335 -0.19317833 -0.21279836 0.067405395 -0.25584584 0.09507569 -0.03359511 0.07311273 0.06336492 -0.0065935804 -0.08939338 0.15759136 0.32384592 0.022518313 0.16233532 0.14680482 -0.024265613 -0.0779723 0.12085538 -0.1892612 0.005009799 -0.02437965 -0.10504478 0.19462092 0.007401517 0.017468154 -0.21992478 -0.078337505 -0.143454 -0.22349711 0.058460467 0.06835115 0.065962285 0.050492667 -0.1747075 0.037445806 -0.061016355 0.046471268 -0.18720698 0.03116212 0.05454544 -0.0012024918 0.13202745 -0.13641776 -0.038856808 -0.09344254 0.12399001 0.008521333 -0.01439363 -0.10365672 -0.122764125 0.082805075 0.06390917 0.036758862 0.09117246 -0.07102398 0.02186672
TZA -0.04047002 -0.1484555 0.12143409 0.054273393 -0.06075786 -0.1757407 -0.12071175 0.056976326 0.112494454 -0.0023121792 0.20939404 0.0007094985 0.080264784 -0.1310374 -0.0051691807 0.04389742 -0.039881527 -0.0034263486 -0.10117427 -0.2059436 0.14051063 0.16244209 0.011344951 -0.16672052 -0.02518115 -0.095521584 -0.19516733 0.038720146 -0.12520511 0.1086209 -0.12638186 -0.032502312 -0.03530712 -0.0076299645 0.081079535 0.055169825 0.21997033 -0.05490754 0.31515777 -0.04263499 -0.0436663 -0.021840872 -0.12277957 -0.028495435 0.047143366 -0.021421792 -0.002672139 0.009278841 -0.010636404 0.12951301 0.17180716 0.10152308 -0.06487592 0.08552882 0.0041083414 0.028517619 0.08787742 0.111943506 -0.12407879 0.33966413 -0.09676008 -0.07100939 0.08411458 -0.081207745 0.036740072 -0.006640244 0.0074674473 0.11381867 0.0055790273 -0.045712195 -0.009557562 -0.1376917 -0.15673602 -0.21957844 0.0751884 -0.26936412 0.14773577 -0.0195755 0.09741897 0.05111504 0.0096004605 -0.09565297 0.18445532 0.3658002 0.027571296 0.19488464 0.14916891 -0.0073136296 -0.12089183 0.11689731 -0.16470361 0.014515872 -0.016341079 -0.12672551 0.1720244 0.013868113 0.046892125 -0.23337236 -0.087608464 -0.14397092 -0.21691152 0.06467241 0.09789026 0.0922733 0.038216796 -0.20242931 0.0023477236 -0.023791919 0.049029402 -0.18014109 0.016163412 0.06011746 0.0026449081 0.15849268 -0.13665651 -0.051181097 -0.12559208 0.111000225 0.0021680612 -0.025370756 -0.13164051 -0.1314956 0.10823897 0.011293508 0.06768021 0.13801128 -0.042658053 0.025019733
ZWE 0.11973308 -0.26146933 0.3242941 0.04161938 -0.004573961 -0.27829704 0.011955358 -0.013163837 0.053093474 -0.12464908 0.21147029 -0.11385119 -0.049862366 -0.15515263 0.25632453 0.08597741 -0.064785935 0.049691264 -0.060038347 0.13402209 0.082884 0.22652398 -0.0651682 -0.03217262 -0.005677852 0.12270397 -0.0594556 0.08753591 0.1154169 0.023139734 -0.32014588 0.02231112 0.06730906 0.09418231 0.0012621 0.07730078 0.25335163 -0.0053193243 0.3260149 -0.005442089 -0.16459957 0.018473035 -0.023885764 0.008276675 0.18739006 -0.044594217 -0.06386019 0.001401504 -0.04412902 0.13178605 0.09943656 0.041020107 0.111030474 0.10077778 -0.052489534 0.20498925 0.21266246 0.04863858 -0.14198595 0.055395644 -0.12971088 -0.13544297 0.10170107 -0.17748801 0.05266215 0.124876946 0.106932305 0.05794934 -0.036676347 -0.006755768 0.16219978 -0.16406839 -0.32647958 -0.16702361 0.07511254 -0.09997181 -0.099908344 0.07627251 -0.03274567 0.10772455 -0.09537593 -0.15029752 0.17555891 0.2782973 -0.07405303 0.051835563 0.1043754 -0.15063861 0.047470376 0.25045004 -0.1756074 -0.057815548 -0.09168445 -0.05226904 0.1905223 0.016870188 -0.19413711 -0.09196476 0.026052758 -0.13399734 -0.18904506 -0.06878311 -0.1253648 0.018466253 0.14289746 0.07618901 0.07146236 -0.1497475 -0.046961863 -0.16934049 0.09697436 0.028214874 0.013794832 -0.017999269 -0.09624302 -0.13386172 -0.12718308 0.030517366 -0.004813017 0.032363098 -0.041314863 -0.057146702 -0.081590354 0.18384446 -0.019574644 -0.023543758 -0.10837771 0.10899128
ISL 0.10389202 -0.2949829 0.33516914 0.018352747 -0.01147784 -0.29429272 0.003261573 -0.009481058 0.045300074 -0.1419278 0.21737045 -0.08339077 -0.041656945 -0.14673316 0.2691552 0.09231408 -0.078746006 0.058035392 -0.05304056 0.1653775 0.09571974 0.23007502 -0.07855268 -0.02479699 0.014085128 0.12992088 -0.060410175 0.11884062 0.14085245 0.026831035 -0.33158317 0.033955663 0.082886696 0.06812229 0.033814404 0.08755189 0.2421648 -0.007898696 0.34141538 -0.008172885 -0.13347425 0.036716767 -0.029165547 0.012783382 0.20399815 -0.025974417 -0.049667202 -0.003138945 -0.03224887 0.14194998 0.114709035 0.06017468 0.09862675 0.10200168 -0.05293847 0.1703611 0.22479416 0.044574056 -0.122300476 0.058168914 -0.12752998 -0.14518708 0.11520724 -0.19258973 0.03898238 0.14054832 0.09764843 0.09341429 -0.0038823797 0.01370895 0.18660815 -0.18668912 -0.3171031 -0.1958063 0.10145578 -0.08283626 -0.105839014 0.09202712 -0.04644591 0.11112295 -0.0997704 -0.15691999 0.17521979 0.3072282 -0.06364565 0.07680129 0.08886511 -0.17611784 0.044597838 0.25502104 -0.19690344 -0.040259764 -0.085746706 -0.054531366 0.18516053 0.013403341 -0.19888291 -0.10774818 0.032621957 -0.15350388 -0.20302054 -0.059374146 -0.13175707 0.016934775 0.1506677 0.09542324 0.08704286 -0.14920458 -0.029358823 -0.15625052 0.087013066 0.03973588 -0.0010323892 -0.021672219 -0.1140123 -0.14701024 -0.11577843 0.030792957 0.0054586357 0.046270523 -0.04135622 -0.030159289 -0.10546447 0.18264918 -0.03868559 -0.04015481 -0.13101995 0.09722841
LKA 0.017676247 -0.17042688 0.18926603 0.054236587 -0.03239688 -0.18385331 -0.08185427 0.007879148 0.09086237 -0.04936253 0.21297659 -0.043482866 0.012161652 -0.14196025 0.05684271 0.043412484 -0.043340135 0.01497439 -0.09638553 -0.12372161 0.13952757 0.20949674 0.011310461 -0.14844376 -0.060765978 -0.05009821 -0.17936143 0.0742707 -0.05652548 0.10199637 -0.21872765 -0.0059912144 -0.014943203 0.013069683 0.048260592 0.050276652 0.22419617 -0.0198174 0.28936365 -0.024161996 -0.051609807 -0.026484339 -0.06957604 -0.018509358 0.062360786 -0.012069138 -0.00281939 -0.024022935 -0.030648269 0.12561563 0.14467093 0.06771729 -0.0060427776 0.10202724 -0.012639348 0.08276453 0.12747367 0.07171022 -0.14438188 0.23636426 -0.070229575 -0.104288705 0.09571368 -0.0910803 0.0398461 0.01803098 0.02047416 0.09420661 -0.024942398 -0.056196183 0.05839357 -0.15250714 -0.218865 -0.1954485 0.062043913 -0.21999119 0.06360816 -0.004331603 0.048880585 0.07509665 -0.002199123 -0.08391661 0.15933771 0.30437046 0.01056462 0.14636903 0.14056471 -0.050128322 -0.04912102 0.14183146 -0.18490596 -0.015533953 -0.036653865 -0.08384441 0.19450967 -0.0006927165 -0.019054187 -0.1937139 -0.05798584 -0.1494395 -0.20612246 0.033060435 0.035484888 0.059264954 0.055807903 -0.12847216 0.04579369 -0.07926407 0.042887382 -0.18586963 0.03497619 0.045007765 0.007870182 0.10927064 -0.121726975 -0.060135353 -0.09510256 0.104846634 0.0025551554 -0.003457377 -0.07913026 -0.098411016 0.05629923 0.08853674 0.025595997 0.05851301 -0.08645394 0.04344026
HUN 0.12759425 -0.2732691 0.32654655 0.029740093 -0.0010682982 -0.271649 0.0075794696 -0.032266703 0.04239649 -0.15667252 0.18906075 -0.10480819 -0.061285112 -0.15807018 0.27371272 0.07388375 -0.08107935 0.049089435 -0.049859893 0.17278436 0.06973562 0.22527008 -0.055353273 0.0043750643 0.011558682 0.13775901 -0.04493219 0.112254865 0.151663 0.019205293 -0.33066425 0.028638612 0.07659829 0.070172496 0.0040019727 0.07033114 0.25256833 0.013564724 0.34825948 0.0040540523 -0.14707345 0.026896931 -0.018191997 0.010565403 0.20926388 -0.022413189 -0.038124293 -0.02881158 -0.037482314 0.12589361 0.10048528 0.028971784 0.105956145 0.094400324 -0.05230113 0.1969096 0.22238734 0.024131201 -0.13471673 0.0030563937 -0.0927976 -0.15654399 0.11492145 -0.17999673 0.03995043 0.14538772 0.10855129 0.075540945 -0.008128803 -0.020781958 0.21291243 -0.20054625 -0.3440794 -0.18443821 0.086171575 -0.0730404 -0.12342248 0.10127365 -0.0541312 0.11700944 -0.096781254 -0.14633013 0.18563312 0.28547195 -0.08888454 0.057614654 0.09665966 -0.17668761 0.08748207 0.2662185 -0.22091337 -0.05143222 -0.104230665 -0.05840651 0.21637556 0.006592914 -0.21746734 -0.08632328 0.040090855 -0.16000631 -0.18725295 -0.056580257 -0.14832723 0.018430453 0.13630086 0.09704323 0.10216204 -0.17247689 -0.043110587 -0.16630332 0.10133462 0.041067295 0.014195979 -0.037438642 -0.11200915 -0.15655437 -0.11618786 0.033004317 -0.003161945 0.04348237 -0.041066788 -0.03111312 -0.117093645 0.22480029 -0.041957036 -0.046886098 -0.15024012 0.10239444
